17.7716784888923
17.0781128597986
14.1762885731991
13.8102720038730
12.2925298696359
8.85205160782340
11.2979097570875
9.92663567622001
5.27677392254066
6.32937873129357
11.0345644066615
10.2426022408985
9.34822326878389
10.7397579349342
14.2767388838110
11.1698077500387
10.0529674453912
11.9918939202169
15.0269505834392
12.6498257406662
11.9687912510457
13.3597034218280
13.6066470205267
10.1835874949652
11.0904063454686
7.92388683036407
7.39193498838111
9.28925113493414
4.47180897807900
5.65791361022463
6.51923111618900
5.41350742525175
2.32737671394268
2.68136097336949
5.03293179116189
8.10791911975211
7.61949079047251
6.81508906661502
3.04305669093726
3.72935024562354
3.86444304105344
3.11182826475600
4.56768718977537
4.39234988489543
0.678197629744386
0.358837047637490
1.38258412835011
3.30254873431449
2.06063687683966
-1.45510353911696
-1.32779460573199
-1.05143331417506
-0.491174049109219
1.29410597134779
-2.51050205886910
-2.49264990356313
-1.90510166212239
-2.81900952285051
-0.411547820294346
1.17898980247870
-1.07703362587142
-0.211072344384198
0.218865699457785
-1.38209575987606
0.974465945158793
0.320011741285832
-2.59726398001549
-4.28560360325329
-5.74655136361734
-5.94375708621224
-5.67995013710302
-3.61267687056545
-4.60117579651433
-6.18935311510458
-8.91001902006197
-2.81613172556158
1.42381636560805
2.06051312316034
0.279002979395817
-1.49037853152595
-2.68361223547637
-3.99233794647560
-3.89655956003099
-2.61884929183578
-1.35266657862122
-5.55287989000775
-8.16931010921766
-10.4016119476375
-7.02906751928739
-8.36060128847405
-12.4012572570101
-14.9297360145624
-15.3374293733230
-13.1268709171185
-12.8029171618900
-12.9427824503486
-15.4401168233927
-16.5912813919442
-18.5820072571650
-17.4975433043609
-13.8956961725019
-10.6192391177382
-9.87977478621223
-12.4117087645236
-12.1510388538342
-11.0129562958947
-10.1042071965143
-10.0377946721921
-9.43980429666925
-10.1242421295740
-8.68038324612703
-9.75812980635166
-7.99364402633619
-4.46516346638265
-6.31462812238574
-6.95607521994577
-7.31643240720371
-5.74640904027885
-6.78544488210689
-6.06782931061193
-6.21193695042602
-12.2683834746708
-14.1861351828040
-15.9655472666228
-16.6108934980635
-11.1497043950426
-8.96975022099147
-12.6021239089853
-15.2469586628195
-14.0930772967467
-13.5809697882262
-12.2244822432223
-11.5180551099923
-14.3812370766847
-17.0021577924090
-13.6967741975213
-14.6844457970565
-7.84354362238573
-12.2539493756778
-11.1844065965143
-12.1842639341596
-10.7499497061580
-8.70410903834237
-9.99180022393493
-10.9177378567002
-11.9129616017816
-14.3193199411309
-14.6297968154764
-15.2939867386522
-15.0849068280403
-16.5080727940356
-19.0823260804028
-19.4545224869094
-18.6106881306739
-20.8346098961270
-18.4773480043377
-16.7128346934935
-14.3914323904725
-13.2570170426026
-14.5570455612703
-13.5503719527498
-12.0382582455461
-17.6268911820294
-23.6186842587142
-23.1087515840434
-22.5561345056546
-19.0233970937258
-23.4455695027111
-25.1307768171960
-28.0325812738962
-27.2302552470953
-27.4794235713400
-23.6235225662277
-20.5024685042602
-24.0169520007746
-28.1846176055771
-27.2359175204338
-26.4021403302867
-24.8076457453912
-28.6486990790085
-24.9229136158017
-30.8655862749807
-30.3912418179706
-36.0957735174283
-34.5069202487218
-29.8851537668474
-31.3188529094887
-35.8516981773044
-38.8155522865996
-37.2337179662277
-33.7630498644462
-31.6543948653757
-32.9193495127809
-37.0731759601859
-38.1362773913246
-40.8829455160342
-39.7932336620450
-34.3323232114640
-31.3523226769946
-34.2106451255616
-35.9919259380325
-37.7302262420604
-34.8071138591866
-34.1422481061193
-36.3866868762199
-36.0077661386522
-39.2910165360186
-39.6171154825716
-40.3611598915569
-35.5362111471727
-33.6216231882262
-36.1060326111542
-35.8768258285825
-35.9594431727343
-32.0439927063904
-30.7048420178931
-32.2421565276530
-32.9176698343145
-35.3447423674671
-33.4139254910999
-37.1428500529357
-33.8831741394268
-35.7167167490317
-39.8254134206275
-40.6257232238102
-39.1137222028660
-42.8366394274980
-41.7946245840433
-42.8523842099148
-42.8765298700232
-47.3493455058095
-47.2855347203718
-41.0695995875290
-40.4612222030751
-47.1264521669249
-38.5098343079008
-40.5805291754455
-33.9959603198683
-40.7332570486678
-37.1289204911697
