11.1359768618438
10.5567249218751
9.18771070312503
13.5339667421875
17.3059852578125
18.6365709531250
16.5926713854688
11.0460653132812
3.86340994531250
2.90602226406250
7.35129177578117
5.33137147812502
2.12248473437498
3.12755573593748
8.66089806250001
18.1974762265625
24.6527412500001
28.7289878125000
24.9723725625000
17.0279676031251
13.2458440437500
12.5382069921876
10.5333998671875
2.57966607187499
2.22112807656250
0.662875515624996
3.30930438281251
11.6473000625000
13.9206060937500
15.0996233507813
14.4076542890625
8.48418942656250
2.34113055546876
0.759849515546891
2.76066328281250
4.61016360781250
1.88558231249998
0.576680754687509
-3.31234812578124
9.96710010156252
15.0755672500000
14.2015046875000
12.8651783906250
7.82209529703126
0.924239916406250
-1.72559125234375
-3.75894102343750
-4.00708360312501
-7.02976234375002
-10.3243279414062
-6.15260623437496
1.79602596093749
9.44985540625001
11.6861513828125
2.98116742968749
-1.10444161874999
-2.28947514843748
-5.62385228906249
-3.68345971093749
-1.49588678125001
-7.12361757812500
-7.46034333828125
-4.67048789843750
2.94262909375000
11.4072079906250
10.8024332031250
4.19321910921876
-2.36210862968751
-6.17510124531250
-7.98363027812499
-9.52558257500000
-11.3106676046875
-13.6198356328125
-14.8254058671875
-10.5242694687500
7.07688150781251
16.4588556640625
13.8544788437500
7.61567476515626
0.875929667187505
-3.03409470312500
-6.15310546875000
-8.68101082812499
-11.1308112084063
-11.3541543218750
-15.5253674218750
-16.4333323906249
-13.3099236717188
-2.64852233593747
0.201395982031229
-6.63037001562499
-13.3977564765625
-16.1483190390625
-16.3155987500000
-17.9947423593750
-20.8906490468750
-24.3558156718750
-24.5253121953125
-24.4234102421875
-14.9968199906251
-0.439128936718783
7.80842113281249
0.724374867187511
-7.26482411250002
-9.75980326562500
-10.8380237281250
-12.5042981796875
-15.4773693718750
-17.5971860625000
-18.9040383353751
-13.7670776093750
-3.55715116562500
6.28389119218752
11.1185576335938
1.61745097421876
-4.46262488281251
-7.62615776562500
-7.28624070703125
-10.9461284140625
-13.7478332890625
-15.4411622031250
-21.3282295468750
-22.7604417632812
-17.3659798734374
-6.41229208124998
4.21505640937500
-2.03483396875001
-10.7099257000000
-15.9883340625000
-16.6812878359375
-15.9808279843750
-17.2138759765625
-19.0132310781250
-22.1616415000000
-19.9104855937500
-5.94279132812503
1.02030749999999
4.38784773437498
-2.32840988125001
-6.22200806250002
-11.0689914062500
-11.5110732203125
-10.7302769765625
-13.6401484078124
-18.0860712679688
-19.1683270546875
-20.1717826718750
-13.5592193125000
-5.80498877343752
-5.20454067968744
-10.5297899821094
-17.5957243906250
-20.2125142968750
-21.1929622500000
-24.9620801093751
-21.3219200031250
-20.4902694843750
-19.7993645156250
-18.0370949218751
-10.3741687812501
-2.85492492968749
-4.76515725000000
-13.8834482500001
-23.4730023437500
-24.8612367187501
-26.3422772734377
-25.3056595312500
-31.4775253046875
-33.6787396093750
-36.1169011718750
-32.6181544531248
-21.6590004273437
-8.69497458593753
-7.20615006250005
-15.5113319390625
-25.5266338204687
-27.7580750781250
-28.7443546875000
-28.9897661562501
-35.1469031250001
-32.7059301875002
-38.2160998124998
-34.7944139062501
-29.8244885546876
-22.2433663437500
-18.9135600078125
-24.4756549296876
-33.7349739765625
-39.2054243750001
-40.2278824999998
-39.2773710937498
-40.0536501562501
-42.5640824999999
-45.9102331250000
-46.1205206249999
-40.1612062015627
-30.1678317968750
-24.8504673359376
-27.5713603828125
-34.2619972656249
-37.6697117187500
-40.5144882812499
-36.5197167265625
-37.0497415468754
-42.1416882031248
-42.5623379687500
-46.0689379687500
-35.9052110703124
-26.1314256031250
-20.7785099296873
-23.4106020468749
-31.4228580234375
-32.8039141015625
-33.9079258515625
-32.9130241718750
-33.2947628437500
-37.9836551406252
-37.8904538125000
-37.0216517031247
-27.8643098671877
-25.1158406640624
-21.1723756914063
-28.6609141875000
-37.0624243906247
-40.3456030312501
-40.6832967187501
-47.9490605468750
-50.3225116406250
-53.2915495312502
-50.0472119468750
-46.6868144671875
-41.7507464596873
-27.0982733402347
-26.7424868626330
-35.1486285475778
-32.4903198308595
-38.4779570582031
-31.7895024132422
-40.1356781500003
-41.8276187911721
