76.125	29.375	-10.47
76.375	28.875	-10.47
76.375	29.125	-10.47
76.375	29.375	-10.47
76.375	29.625	-10.47
76.625	28.875	-10.47
76.625	29.125	-10.47
76.625	29.375	-10.47
76.625	29.625	-10.47
76.875	28.875	-10.47
76.875	29.125	-10.47
76.875	29.375	-10.47
76.875	29.625	-10.47
77.125	29.125	-10.47
77.125	29.375	-10.47
77.125	29.625	-10.47
77.125	28.125	-10
77.125	28.375	-10
77.125	28.625	-10
77.125	28.875	-10
77.375	28.125	-10
77.375	28.375	-10
77.375	28.625	-10
77.375	28.875	-10
77.375	29.125	-10
77.625	28.125	-10
77.625	28.375	-10
77.625	28.625	-10
77.625	28.875	-10
77.875	28.375	-10
77.875	28.625	-10
77.875	28.875	-10
77.375	29.375	-9.710
77.375	29.625	-9.710
77.375	29.875	-9.710
77.625	29.125	-9.710
77.625	29.375	-9.710
77.625	29.625	-9.710
77.625	29.875	-9.710
77.625	30.125	-9.710
77.875	29.125	-9.710
77.875	29.375	-9.710
77.875	29.625	-9.710
77.875	29.875	-9.710
77.875	30.125	-9.710
78.125	29.375	-9.710
78.125	29.625	-9.710
78.125	29.875	-9.710
78.125	30.125	-9.710
76.125	27.625	-8.270
76.125	27.875	-8.270
76.125	28.125	-8.270
76.125	28.375	-8.270
76.375	27.625	-8.270
76.375	27.875	-8.270
76.375	28.125	-8.270
76.375	28.375	-8.270
76.375	28.625	-8.270
76.625	27.625	-8.270
76.625	27.875	-8.270
76.625	28.125	-8.270
76.625	28.375	-8.270
76.625	28.625	-8.270
76.875	27.875	-8.270
76.875	28.125	-8.270
76.875	28.375	-8.270
76.875	28.625	-8.270
78.125	28.625	-7.620
78.125	28.875	-7.620
78.125	29.125	-7.620
78.375	28.625	-7.620
78.375	28.875	-7.620
78.375	29.125	-7.620
78.375	29.375	-7.620
78.625	28.375	-7.620
78.625	28.625	-7.620
78.625	28.875	-7.620
78.625	29.125	-7.620
78.625	29.375	-7.620
78.875	28.625	-7.620
78.875	28.875	-7.620
78.875	29.125	-7.620
78.875	29.375	-7.620
76.375	30.375	-7.4
76.625	29.875	-7.4
76.625	30.125	-7.4
76.625	30.375	-7.4
76.625	30.625	-7.4
76.875	29.875	-7.4
76.875	30.125	-7.4
76.875	30.375	-7.4
76.875	30.625	-7.4
76.875	30.875	-7.4
77.125	29.875	-7.4
77.125	30.125	-7.4
77.125	30.375	-7.4
77.125	30.625	-7.4
77.125	30.875	-7.4
77.375	30.125	-7.4
77.375	30.375	-7.4
77.375	30.625	-7.4
77.375	30.875	-7.4
75.125	28.875	-7.340
75.375	28.375	-7.340
75.375	28.625	-7.340
75.375	28.875	-7.340
75.375	29.125	-7.340
75.625	28.375	-7.340
75.625	28.625	-7.340
75.625	28.875	-7.340
75.625	29.125	-7.340
75.625	29.375	-7.340
75.875	28.375	-7.340
75.875	28.625	-7.340
75.875	28.875	-7.340
75.875	29.125	-7.340
75.875	29.375	-7.340
76.125	28.625	-7.340
76.125	28.875	-7.340
76.125	29.125	-7.340
75.375	29.875	-6.450
75.375	30.125	-6.450
75.625	29.625	-6.450
75.625	29.875	-6.450
75.625	30.125	-6.450
75.625	30.375	-6.450
75.875	29.625	-6.450
75.875	29.875	-6.450
75.875	30.125	-6.450
75.875	30.375	-6.450
76.125	29.625	-6.450
76.125	29.875	-6.450
76.125	30.125	-6.450
76.125	30.375	-6.450
76.375	29.875	-6.450
76.375	30.125	-6.450
77.875	27.625	-5.440
77.875	27.875	-5.440
77.875	28.125	-5.440
78.125	27.375	-5.440
78.125	27.625	-5.440
78.125	27.875	-5.440
78.125	28.125	-5.440
78.125	28.375	-5.440
78.375	27.375	-5.440
78.375	27.625	-5.440
78.375	27.875	-5.440
78.375	28.125	-5.440
78.375	28.375	-5.440
78.625	27.375	-5.440
78.625	27.625	-5.440
78.625	27.875	-5.440
78.625	28.125	-5.440
78.875	27.625	-5.440
78.875	27.875	-5.440
76.875	27.125	-5.350
76.875	27.375	-5.350
76.875	27.625	-5.350
77.125	27.125	-5.350
77.125	27.375	-5.350
77.125	27.625	-5.350
77.125	27.875	-5.350
77.375	27.125	-5.350
77.375	27.375	-5.350
77.375	27.625	-5.350
77.375	27.875	-5.350
77.625	27.125	-5.350
77.625	27.375	-5.350
77.625	27.625	-5.350
77.625	27.875	-5.350
77.875	27.375	-5.350
78.375	29.625	-5.290
78.375	29.875	-5.290
78.375	30.125	-5.290
78.375	30.375	-5.290
78.625	29.625	-5.290
78.625	29.875	-5.290
78.625	30.125	-5.290
78.625	30.375	-5.290
78.625	30.625	-5.290
78.875	29.625	-5.290
78.875	29.875	-5.290
78.875	30.125	-5.290
78.875	30.375	-5.290
78.875	30.625	-5.290
79.125	29.875	-5.290
79.125	30.125	-5.290
79.125	30.375	-5.290
77.625	30.375	-5.160
77.625	30.625	-5.160
77.625	30.875	-5.160
77.625	31.125	-5.160
77.875	30.375	-5.160
77.875	30.625	-5.160
77.875	30.875	-5.160
77.875	31.125	-5.160
77.875	31.375	-5.160
78.125	30.375	-5.160
78.125	30.625	-5.160
78.125	30.875	-5.160
78.125	31.125	-5.160
78.125	31.375	-5.160
78.375	30.625	-5.160
78.375	30.875	-5.160
78.375	31.125	-5.160
75.125	27.375	-4.970
75.125	27.625	-4.970
75.125	27.875	-4.970
75.125	28.125	-4.970
75.375	27.375	-4.970
75.375	27.625	-4.970
75.375	27.875	-4.970
75.375	28.125	-4.970
75.625	27.125	-4.970
75.625	27.375	-4.970
75.625	27.625	-4.970
75.625	27.875	-4.970
75.625	28.125	-4.970
75.875	27.625	-4.970
75.875	27.875	-4.970
75.875	28.125	-4.970
94.875	28.875	-4.520
94.875	29.125	-4.520
95.125	28.625	-4.520
95.125	28.875	-4.520
95.375	28.625	-4.520
95.375	28.875	-4.520
95.625	28.625	-4.520
95.625	28.875	-4.520
95.625	29.125	-4.520
95.875	28.875	-4.520
95.875	29.125	-4.520
74.375	29.375	-4.330
74.375	29.625	-4.330
74.625	29.125	-4.330
74.625	29.375	-4.330
74.625	29.625	-4.330
74.625	29.875	-4.330
74.875	29.125	-4.330
74.875	29.375	-4.330
74.875	29.625	-4.330
74.875	29.875	-4.330
74.875	30.125	-4.330
75.125	29.125	-4.330
75.125	29.375	-4.330
75.125	29.625	-4.330
75.125	29.875	-4.330
75.375	29.375	-4.330
75.375	29.625	-4.330
96.125	29.375	-4.260
74.125	28.375	-4.240
74.375	28.125	-4.240
74.375	28.375	-4.240
74.375	28.625	-4.240
74.375	28.875	-4.240
74.625	27.875	-4.240
74.625	28.125	-4.240
74.625	28.375	-4.240
74.625	28.625	-4.240
74.625	28.875	-4.240
74.875	27.875	-4.240
74.875	28.125	-4.240
74.875	28.375	-4.240
74.875	28.625	-4.240
74.875	28.875	-4.240
75.125	28.375	-4.240
75.125	28.625	-4.240
78.875	28.125	-4.090
78.875	28.375	-4.090
79.125	27.875	-4.090
79.125	28.125	-4.090
79.125	28.375	-4.090
79.125	28.625	-4.090
79.375	27.875	-4.090
79.375	28.125	-4.090
79.375	28.375	-4.090
79.375	28.625	-4.090
79.625	27.875	-4.090
79.625	28.125	-4.090
79.625	28.375	-4.090
79.625	28.625	-4.090
79.875	28.125	-4.090
79.875	28.375	-4.090
79.125	28.875	-3.860
79.125	29.125	-3.860
79.125	29.375	-3.860
79.125	29.625	-3.860
79.375	28.875	-3.860
79.375	29.125	-3.860
79.375	29.375	-3.860
79.375	29.625	-3.860
79.375	29.875	-3.860
79.625	28.875	-3.860
79.625	29.125	-3.860
79.625	29.375	-3.860
79.625	29.625	-3.860
79.625	29.875	-3.860
79.875	29.125	-3.860
79.875	29.375	-3.860
79.875	29.625	-3.860
80.125	29.375	-3.860
94.375	29.125	-3.630
94.625	29.125	-3.630
75.625	31.125	-3.6
75.875	30.625	-3.6
75.875	30.875	-3.6
75.875	31.125	-3.6
75.875	31.375	-3.6
75.875	31.625	-3.6
76.125	30.625	-3.6
76.125	30.875	-3.6
76.125	31.125	-3.6
76.125	31.375	-3.6
76.125	31.625	-3.6
76.375	30.625	-3.6
76.375	30.875	-3.6
76.375	31.125	-3.6
76.375	31.375	-3.6
76.375	31.625	-3.6
76.625	30.875	-3.6
76.625	31.125	-3.6
76.625	31.375	-3.6
75.875	26.875	-3.580
75.875	27.125	-3.580
75.875	27.375	-3.580
76.125	26.625	-3.580
76.125	26.875	-3.580
76.125	27.125	-3.580
76.125	27.375	-3.580
76.375	26.625	-3.580
76.375	26.875	-3.580
76.375	27.125	-3.580
76.375	27.375	-3.580
76.625	26.625	-3.580
76.625	26.875	-3.580
76.625	27.125	-3.580
76.625	27.375	-3.580
76.875	26.875	-3.580
76.625	31.625	-3.030
76.875	31.125	-3.030
76.875	31.375	-3.030
76.875	31.625	-3.030
76.875	31.875	-3.030
77.125	31.125	-3.030
77.125	31.375	-3.030
77.125	31.625	-3.030
77.125	31.875	-3.030
77.125	32.125	-3.030
77.375	31.125	-3.030
77.375	31.375	-3.030
77.375	31.625	-3.030
77.375	31.875	-3.030
77.625	31.375	-3.030
77.625	31.625	-3.030
77.625	31.875	-3.030
74.625	30.375	-2.920
74.625	30.625	-2.920
74.625	30.875	-2.920
74.875	30.375	-2.920
74.875	30.625	-2.920
74.875	30.875	-2.920
74.875	31.125	-2.920
75.125	30.125	-2.920
75.125	30.375	-2.920
75.125	30.625	-2.920
75.125	30.875	-2.920
75.125	31.125	-2.920
75.375	30.375	-2.920
75.375	30.625	-2.920
75.375	30.875	-2.920
75.375	31.125	-2.920
75.625	30.625	-2.920
75.625	30.875	-2.920
95.875	28.625	-2.870
96.125	28.375	-2.870
96.125	28.625	-2.870
96.125	28.875	-2.870
96.125	29.125	-2.870
96.375	28.625	-2.870
96.375	28.875	-2.870
96.625	28.375	-2.870
73.875	27.375	-2.640
74.125	26.875	-2.640
74.125	27.125	-2.640
74.125	27.375	-2.640
74.125	27.625	-2.640
74.375	26.875	-2.640
74.375	27.125	-2.640
74.375	27.375	-2.640
74.375	27.625	-2.640
74.375	27.875	-2.640
74.625	26.875	-2.640
74.625	27.125	-2.640
74.625	27.375	-2.640
74.625	27.625	-2.640
74.875	27.125	-2.640
74.875	27.375	-2.640
74.875	27.625	-2.640
73.375	28.875	-2.620
73.375	29.125	-2.620
73.375	29.375	-2.620
73.625	28.625	-2.620
73.625	28.875	-2.620
73.625	29.125	-2.620
73.625	29.375	-2.620
73.625	29.625	-2.620
73.875	28.625	-2.620
73.875	28.875	-2.620
73.875	29.125	-2.620
73.875	29.375	-2.620
73.875	29.625	-2.620
74.125	28.625	-2.620
74.125	28.875	-2.620
74.125	29.125	-2.620
74.125	29.375	-2.620
74.125	29.625	-2.620
74.375	29.125	-2.620
86.625	26.375	-2.370
86.875	26.375	-2.370
87.125	26.375	-2.370
79.875	28.625	-2.340
79.875	28.875	-2.340
80.125	28.125	-2.340
80.125	28.375	-2.340
80.125	28.625	-2.340
80.375	28.125	-2.340
80.375	28.375	-2.340
80.625	28.125	-2.340
80.625	28.375	-2.340
80.875	28.375	-2.340
93.625	28.375	-2.330
93.875	28.125	-2.330
93.875	28.375	-2.330
93.875	28.625	-2.330
94.125	28.125	-2.330
94.125	28.375	-2.330
94.125	28.625	-2.330
94.125	28.875	-2.330
94.375	28.125	-2.330
94.375	28.375	-2.330
94.375	28.625	-2.330
94.375	28.875	-2.330
94.625	28.125	-2.330
94.625	28.375	-2.330
94.625	28.625	-2.330
94.625	28.875	-2.330
94.875	28.375	-2.330
94.875	28.625	-2.330
88.125	27.125	-2.330
88.125	27.375	-2.330
88.375	26.875	-2.330
88.375	27.125	-2.330
73.125	27.875	-2.230
73.125	28.125	-2.230
73.375	27.625	-2.230
73.375	27.875	-2.230
73.375	28.125	-2.230
73.375	28.375	-2.230
73.625	27.625	-2.230
73.625	27.875	-2.230
73.625	28.125	-2.230
73.625	28.375	-2.230
73.875	27.625	-2.230
73.875	27.875	-2.230
73.875	28.125	-2.230
73.875	28.375	-2.230
74.125	27.875	-2.230
74.125	28.125	-2.230
78.875	27.125	-2.170
78.875	27.375	-2.170
79.125	26.875	-2.170
79.125	27.125	-2.170
79.125	27.375	-2.170
79.125	27.625	-2.170
79.375	26.875	-2.170
79.375	27.125	-2.170
79.375	27.375	-2.170
79.375	27.625	-2.170
79.625	26.875	-2.170
79.625	27.125	-2.170
79.625	27.375	-2.170
79.625	27.625	-2.170
79.875	26.875	-2.170
79.875	27.125	-2.170
79.875	27.375	-2.170
87.375	26.125	-2.1
87.625	25.875	-2.1
87.625	26.125	-2.1
87.625	26.375	-2.1
87.875	25.875	-2.1
87.875	26.125	-2.1
87.875	26.375	-2.1
88.125	25.625	-2.1
88.125	26.125	-2.1
88.125	26.375	-2.1
77.875	26.625	-2.070
77.875	26.875	-2.070
77.875	27.125	-2.070
78.125	26.375	-2.070
78.125	26.625	-2.070
78.125	26.875	-2.070
78.125	27.125	-2.070
78.375	26.375	-2.070
78.375	26.625	-2.070
78.375	26.875	-2.070
78.375	27.125	-2.070
78.625	26.375	-2.070
78.625	26.625	-2.070
78.625	26.875	-2.070
78.625	27.125	-2.070
78.875	26.625	-2.070
78.875	26.875	-2.070
73.625	29.875	-2
73.875	29.875	-2
74.125	29.875	-2
74.125	30.125	-2
74.125	30.375	-2
74.375	29.875	-2
74.375	30.125	-2
74.375	30.375	-2
74.375	30.625	-2
74.625	30.125	-2
74.875	26.375	-1.990
74.875	26.625	-1.990
74.875	26.875	-1.990
75.125	26.125	-1.990
75.125	26.375	-1.990
75.125	26.625	-1.990
75.125	26.875	-1.990
75.125	27.125	-1.990
75.375	26.125	-1.990
75.375	26.375	-1.990
75.375	26.625	-1.990
75.375	26.875	-1.990
75.375	27.125	-1.990
75.625	26.125	-1.990
75.625	26.375	-1.990
75.625	26.625	-1.990
75.625	26.875	-1.990
75.875	26.625	-1.990
88.375	27.375	-1.970
88.375	27.625	-1.970
88.625	27.125	-1.970
88.625	27.375	-1.970
88.625	27.625	-1.970
88.625	27.875	-1.970
78.625	30.875	-1.950
78.625	31.125	-1.950
78.625	31.375	-1.950
78.875	30.875	-1.950
78.875	31.125	-1.950
79.125	30.625	-1.950
79.125	30.875	-1.950
79.125	31.125	-1.950
79.375	30.875	-1.950
88.375	26.625	-1.930
88.625	26.625	-1.930
88.625	26.875	-1.930
88.875	26.375	-1.930
88.875	26.625	-1.930
88.875	26.875	-1.930
89.125	26.625	-1.930
89.375	26.375	-1.930
89.375	26.625	-1.930
85.375	26.125	-1.920
85.375	26.375	-1.920
85.375	26.625	-1.920
85.625	26.125	-1.920
85.625	26.375	-1.920
85.625	26.625	-1.920
85.875	26.125	-1.920
85.875	26.375	-1.920
86.125	26.125	-1.920
86.125	26.375	-1.920
86.375	26.375	-1.920
94.875	27.875	-1.890
94.875	28.125	-1.890
95.125	27.625	-1.890
95.125	27.875	-1.890
95.125	28.125	-1.890
95.125	28.375	-1.890
95.375	27.625	-1.890
95.375	27.875	-1.890
95.375	28.125	-1.890
95.375	28.375	-1.890
95.625	27.875	-1.890
95.625	28.125	-1.890
95.625	28.375	-1.890
95.875	28.125	-1.890
95.875	28.375	-1.890
86.375	25.625	-1.860
86.375	25.875	-1.860
86.375	26.125	-1.860
86.625	25.375	-1.860
86.625	25.625	-1.860
86.625	25.875	-1.860
86.625	26.125	-1.860
86.875	25.375	-1.860
86.875	25.625	-1.860
86.875	25.875	-1.860
86.875	26.125	-1.860
87.125	25.375	-1.860
87.125	25.625	-1.860
87.125	25.875	-1.860
87.125	26.125	-1.860
87.375	25.625	-1.860
87.375	25.875	-1.860
93.375	28.375	-1.860
93.625	28.625	-1.860
79.875	27.625	-1.790
79.875	27.875	-1.790
80.125	27.375	-1.790
80.125	27.625	-1.790
80.125	27.875	-1.790
80.375	27.125	-1.790
80.375	27.375	-1.790
80.375	27.625	-1.790
80.375	27.875	-1.790
80.625	27.125	-1.790
80.625	27.375	-1.790
80.625	27.625	-1.790
80.625	27.875	-1.790
80.875	27.375	-1.790
80.875	27.625	-1.790
79.375	30.125	-1.710
79.375	30.375	-1.710
79.375	30.625	-1.710
79.625	30.125	-1.710
79.625	30.375	-1.710
79.625	30.625	-1.710
79.625	30.875	-1.710
79.875	29.875	-1.710
79.875	30.125	-1.710
79.875	30.375	-1.710
79.875	30.625	-1.710
79.875	30.875	-1.710
80.125	30.125	-1.710
80.125	30.375	-1.710
80.125	30.625	-1.710
80.375	30.375	-1.710
88.375	27.875	-1.660
84.125	27.125	-1.630
84.375	26.875	-1.630
84.375	27.125	-1.630
84.625	26.625	-1.630
84.625	26.875	-1.630
84.625	27.125	-1.630
84.875	26.625	-1.630
84.875	26.875	-1.630
85.125	26.625	-1.630
72.875	26.875	-1.580
73.125	26.375	-1.580
73.125	26.625	-1.580
73.125	26.875	-1.580
73.125	27.125	-1.580
73.375	26.375	-1.580
73.375	26.625	-1.580
73.375	26.875	-1.580
73.375	27.125	-1.580
73.375	27.375	-1.580
73.625	26.375	-1.580
73.625	26.625	-1.580
73.625	26.875	-1.580
73.625	27.125	-1.580
73.625	27.375	-1.580
73.875	26.625	-1.580
73.875	26.875	-1.580
73.875	27.125	-1.580
89.625	26.375	-1.540
89.625	26.625	-1.540
89.875	26.375	-1.540
89.875	26.625	-1.540
90.125	26.375	-1.540
90.125	26.625	-1.540
90.375	26.375	-1.540
90.375	26.625	-1.540
74.875	31.625	-1.5
74.875	31.875	-1.5
75.125	31.375	-1.5
75.125	31.625	-1.5
75.125	31.875	-1.5
75.375	31.375	-1.5
75.375	31.625	-1.5
75.375	31.875	-1.5
75.375	32.125	-1.5
75.375	32.375	-1.5
75.625	31.375	-1.5
75.625	31.625	-1.5
75.625	31.875	-1.5
75.625	32.125	-1.5
75.625	32.375	-1.5
75.875	31.875	-1.5
76.875	26.375	-1.470
76.875	26.625	-1.470
77.125	26.125	-1.470
77.125	26.375	-1.470
77.125	26.625	-1.470
77.125	26.875	-1.470
77.375	26.125	-1.470
77.375	26.375	-1.470
77.375	26.625	-1.470
77.375	26.875	-1.470
77.625	26.125	-1.470
77.625	26.375	-1.470
77.625	26.625	-1.470
77.625	26.875	-1.470
77.875	26.125	-1.470
77.875	26.375	-1.470
77.875	31.625	-1.450
77.875	31.875	-1.450
77.875	32.125	-1.450
78.125	31.625	-1.450
78.125	31.875	-1.450
78.125	32.125	-1.450
78.125	32.375	-1.450
78.375	31.375	-1.450
78.375	31.625	-1.450
78.375	31.875	-1.450
78.375	32.125	-1.450
78.375	32.375	-1.450
78.625	31.625	-1.450
78.625	31.875	-1.450
80.125	29.625	-1.450
80.125	29.875	-1.450
80.375	30.125	-1.450
80.875	27.875	-1.420
80.875	28.125	-1.420
81.125	27.625	-1.420
81.125	27.875	-1.420
81.125	28.125	-1.420
81.125	28.375	-1.420
81.375	27.625	-1.420
81.375	27.875	-1.420
81.375	28.125	-1.420
81.625	27.625	-1.420
81.625	27.875	-1.420
81.875	27.625	-1.420
75.875	32.125	-1.380
75.875	32.375	-1.380
76.125	31.875	-1.380
76.125	32.125	-1.380
76.125	32.375	-1.380
76.125	32.625	-1.380
76.375	31.875	-1.380
76.375	32.125	-1.380
76.375	32.375	-1.380
76.375	32.625	-1.380
76.625	31.875	-1.380
76.625	32.125	-1.380
76.625	32.375	-1.380
76.625	32.625	-1.380
76.875	32.125	-1.380
76.875	32.375	-1.380
76.875	32.625	-1.380
88.625	25.375	-1.360
87.375	25.125	-1.340
87.375	25.375	-1.340
87.625	24.875	-1.340
87.625	25.125	-1.340
87.625	25.375	-1.340
87.625	25.625	-1.340
87.875	24.875	-1.340
87.875	25.125	-1.340
87.875	25.375	-1.340
87.875	25.625	-1.340
88.125	25.125	-1.340
88.125	25.375	-1.340
88.375	25.375	-1.340
85.375	25.375	-1.330
85.375	25.625	-1.330
85.375	25.875	-1.330
85.625	25.125	-1.330
85.625	25.375	-1.330
85.625	25.625	-1.330
85.625	25.875	-1.330
85.875	25.125	-1.330
85.875	25.375	-1.330
85.875	25.625	-1.330
85.875	25.875	-1.330
86.125	25.125	-1.330
86.125	25.375	-1.330
86.125	25.625	-1.330
86.125	25.875	-1.330
86.375	25.375	-1.330
74.875	31.375	-1.330
84.125	26.125	-1.330
84.375	25.875	-1.330
84.375	26.125	-1.330
84.375	26.375	-1.330
84.375	26.625	-1.330
84.625	25.625	-1.330
84.625	25.875	-1.330
84.625	26.125	-1.330
84.625	26.375	-1.330
84.875	25.625	-1.330
84.875	25.875	-1.330
84.875	26.125	-1.330
84.875	26.375	-1.330
85.125	25.625	-1.330
85.125	25.875	-1.330
85.125	26.125	-1.330
85.125	26.375	-1.330
72.375	28.375	-1.310
72.375	28.625	-1.310
72.625	28.125	-1.310
72.625	28.375	-1.310
72.625	28.625	-1.310
72.875	28.125	-1.310
72.875	28.375	-1.310
72.875	28.625	-1.310
72.875	28.875	-1.310
73.125	28.375	-1.310
73.125	28.625	-1.310
73.125	28.875	-1.310
73.125	29.125	-1.310
73.375	28.625	-1.310
72.125	27.375	-1.260
72.125	27.625	-1.260
72.375	27.125	-1.260
72.375	27.375	-1.260
72.375	27.625	-1.260
72.375	27.875	-1.260
72.375	28.125	-1.260
72.625	27.125	-1.260
72.625	27.375	-1.260
72.625	27.625	-1.260
72.625	27.875	-1.260
72.875	27.125	-1.260
72.875	27.375	-1.260
72.875	27.625	-1.260
72.875	27.875	-1.260
73.125	27.375	-1.260
73.125	27.625	-1.260
83.625	27.375	-1.220
84.125	27.375	-1.220
83.125	26.625	-1.220
83.125	26.875	-1.220
83.375	26.375	-1.220
83.375	26.625	-1.220
83.375	26.875	-1.220
83.375	27.125	-1.220
83.625	26.375	-1.220
83.625	26.625	-1.220
83.625	26.875	-1.220
83.625	27.125	-1.220
83.875	26.375	-1.220
83.875	26.625	-1.220
83.875	26.875	-1.220
83.875	27.125	-1.220
84.125	26.375	-1.220
84.125	26.625	-1.220
84.125	26.875	-1.220
89.875	26.125	-1.2
90.125	25.625	-1.2
90.125	25.875	-1.2
90.125	26.125	-1.2
90.375	25.625	-1.2
90.375	25.875	-1.2
90.375	26.125	-1.2
90.625	25.875	-1.2
82.125	27.125	-1.180
82.125	27.375	-1.180
82.125	27.625	-1.180
82.375	27.125	-1.180
82.375	27.375	-1.180
82.375	27.625	-1.180
82.625	26.875	-1.180
82.625	27.125	-1.180
82.625	27.375	-1.180
82.625	27.625	-1.180
82.875	26.875	-1.180
82.875	27.125	-1.180
82.875	27.375	-1.180
83.125	27.125	-1.180
83.125	27.375	-1.180
73.375	29.625	-1.170
86.375	24.625	-1.160
86.375	24.875	-1.160
86.375	25.125	-1.160
86.625	24.375	-1.160
86.625	24.625	-1.160
86.625	24.875	-1.160
86.625	25.125	-1.160
86.875	24.375	-1.160
86.875	24.625	-1.160
86.875	24.875	-1.160
86.875	25.125	-1.160
87.125	24.375	-1.160
87.125	24.625	-1.160
87.125	24.875	-1.160
87.125	25.125	-1.160
87.375	24.625	-1.160
87.375	24.875	-1.160
91.875	27.625	-1.150
92.125	27.625	-1.150
73.875	25.875	-1.140
73.875	26.125	-1.140
73.875	26.375	-1.140
74.125	25.875	-1.140
74.125	26.125	-1.140
74.125	26.375	-1.140
74.125	26.625	-1.140
74.375	25.875	-1.140
74.375	26.125	-1.140
74.375	26.375	-1.140
74.375	26.625	-1.140
74.625	25.875	-1.140
74.625	26.125	-1.140
74.625	26.375	-1.140
74.625	26.625	-1.140
74.875	26.125	-1.140
92.625	27.625	-1.060
92.875	27.375	-1.060
92.875	27.625	-1.060
92.875	27.875	-1.060
92.875	28.125	-1.060
93.125	27.375	-1.060
93.125	27.625	-1.060
93.125	27.875	-1.060
93.125	28.125	-1.060
93.375	27.375	-1.060
93.375	27.625	-1.060
93.375	27.875	-1.060
93.375	28.125	-1.060
93.625	27.625	-1.060
93.625	27.875	-1.060
93.625	28.125	-1.060
93.875	27.875	-1.060
80.875	27.125	-1.020
81.125	26.625	-1.020
81.125	26.875	-1.020
81.125	27.125	-1.020
81.125	27.375	-1.020
81.375	26.625	-1.020
81.375	26.875	-1.020
81.375	27.125	-1.020
81.375	27.375	-1.020
81.625	26.625	-1.020
81.625	26.875	-1.020
81.625	27.125	-1.020
81.625	27.375	-1.020
81.875	26.625	-1.020
81.875	26.875	-1.020
81.875	27.125	-1.020
81.875	27.375	-1.020
82.125	26.875	-1.020
79.875	26.625	-0.98
80.125	26.375	-0.98
80.125	26.625	-0.98
80.125	26.875	-0.98
80.125	27.125	-0.98
80.375	26.125	-0.98
80.375	26.375	-0.98
80.375	26.625	-0.98
80.375	26.875	-0.98
80.625	26.125	-0.98
80.625	26.375	-0.98
80.625	26.625	-0.98
80.625	26.875	-0.98
80.875	26.125	-0.98
80.875	26.375	-0.98
80.875	26.625	-0.98
80.875	26.875	-0.98
71.875	26.375	-0.98
72.125	25.875	-0.98
72.125	26.125	-0.98
72.125	26.375	-0.98
72.125	26.625	-0.98
72.125	26.875	-0.98
72.375	25.875	-0.98
72.375	26.125	-0.98
72.375	26.375	-0.98
72.375	26.625	-0.98
72.375	26.875	-0.98
72.625	25.875	-0.98
72.625	26.125	-0.98
72.625	26.375	-0.98
72.625	26.625	-0.98
72.625	26.875	-0.98
72.875	26.375	-0.98
72.875	26.625	-0.98
90.625	26.125	-0.98
90.625	26.375	-0.98
90.625	26.625	-0.98
90.875	26.125	-0.98
90.875	26.375	-0.98
90.875	26.625	-0.98
91.125	26.125	-0.98
91.125	26.375	-0.98
91.125	26.625	-0.98
91.375	26.125	-0.98
91.375	26.375	-0.98
91.375	26.625	-0.98
91.625	26.375	-0.98
91.625	26.625	-0.98
95.875	27.375	-0.91
95.875	27.625	-0.91
95.875	27.875	-0.91
96.125	27.625	-0.91
96.125	27.875	-0.91
96.125	28.125	-0.91
96.375	27.625	-0.91
96.375	27.875	-0.91
96.375	28.125	-0.91
96.625	27.625	-0.91
96.625	27.875	-0.91
96.625	28.125	-0.91
96.875	27.625	-0.91
96.875	27.875	-0.91
96.875	28.125	-0.91
93.625	27.375	-0.87
93.875	27.125	-0.87
93.875	27.375	-0.87
93.875	27.625	-0.87
94.125	27.125	-0.87
94.125	27.375	-0.87
94.125	27.625	-0.87
94.125	27.875	-0.87
94.375	27.125	-0.87
94.375	27.375	-0.87
94.375	27.625	-0.87
94.375	27.875	-0.87
94.625	27.125	-0.87
94.625	27.375	-0.87
94.625	27.625	-0.87
94.625	27.875	-0.87
94.875	27.625	-0.87
84.125	25.125	-0.85
84.375	24.875	-0.85
84.375	25.125	-0.85
84.375	25.375	-0.85
84.625	24.625	-0.85
84.625	24.875	-0.85
84.625	25.125	-0.85
84.625	25.375	-0.85
84.875	24.625	-0.85
84.875	24.875	-0.85
84.875	25.125	-0.85
84.875	25.375	-0.85
85.125	24.625	-0.85
85.125	24.875	-0.85
85.125	25.125	-0.85
85.125	25.375	-0.85
85.375	24.875	-0.85
85.375	25.125	-0.85
82.125	26.375	-0.84
82.125	26.625	-0.84
82.375	26.125	-0.84
82.375	26.375	-0.84
82.375	26.625	-0.84
82.375	26.875	-0.84
82.625	25.875	-0.84
82.625	26.125	-0.84
82.625	26.375	-0.84
82.625	26.625	-0.84
82.875	25.875	-0.84
82.875	26.125	-0.84
82.875	26.375	-0.84
82.875	26.625	-0.84
83.125	26.125	-0.84
83.125	26.375	-0.84
75.875	25.875	-0.84
75.875	26.125	-0.84
75.875	26.375	-0.84
76.125	25.625	-0.84
76.125	25.875	-0.84
76.125	26.125	-0.84
76.125	26.375	-0.84
76.375	25.625	-0.84
76.375	25.875	-0.84
76.375	26.125	-0.84
76.375	26.375	-0.84
76.625	25.625	-0.84
76.625	25.875	-0.84
76.625	26.125	-0.84
76.625	26.375	-0.84
76.875	25.875	-0.84
76.875	26.125	-0.84
78.875	26.375	-0.82
79.125	25.875	-0.82
79.125	26.125	-0.82
79.125	26.375	-0.82
79.125	26.625	-0.82
79.375	25.875	-0.82
79.375	26.125	-0.82
79.375	26.375	-0.82
79.375	26.625	-0.82
79.625	25.875	-0.82
79.625	26.125	-0.82
79.625	26.375	-0.82
79.625	26.625	-0.82
79.875	25.875	-0.82
79.875	26.125	-0.82
79.875	26.375	-0.82
80.125	26.125	-0.82
74.375	33.125	-0.82
74.625	32.875	-0.82
74.875	32.625	-0.82
74.875	32.875	-0.82
83.125	25.875	-0.81
83.375	25.375	-0.81
83.375	25.625	-0.81
83.375	25.875	-0.81
83.375	26.125	-0.81
83.625	25.375	-0.81
83.625	25.625	-0.81
83.625	25.875	-0.81
83.625	26.125	-0.81
83.875	25.375	-0.81
83.875	25.625	-0.81
83.875	25.875	-0.81
83.875	26.125	-0.81
84.125	25.375	-0.81
84.125	25.625	-0.81
84.125	25.875	-0.81
84.375	25.625	-0.81
91.875	26.625	-0.80
92.125	26.625	-0.80
92.125	27.125	-0.80
92.125	27.375	-0.80
92.375	26.875	-0.80
92.375	27.125	-0.80
92.375	27.375	-0.80
92.375	27.625	-0.80
92.625	27.125	-0.80
92.625	27.375	-0.80
72.875	25.375	-0.78
72.875	25.625	-0.78
72.875	25.875	-0.78
72.875	26.125	-0.78
73.125	25.375	-0.78
73.125	25.625	-0.78
73.125	25.875	-0.78
73.125	26.125	-0.78
73.375	25.375	-0.78
73.375	25.625	-0.78
73.375	25.875	-0.78
73.375	26.125	-0.78
73.625	25.375	-0.78
73.625	25.625	-0.78
73.625	25.875	-0.78
73.625	26.125	-0.78
73.875	25.625	-0.78
97.125	28.125	-0.78
71.125	26.875	-0.77
71.125	27.125	-0.77
71.125	27.375	-0.77
71.375	26.625	-0.77
71.375	26.875	-0.77
71.375	27.125	-0.77
71.375	27.375	-0.77
71.375	27.625	-0.77
71.625	26.625	-0.77
71.625	26.875	-0.77
71.625	27.125	-0.77
71.625	27.375	-0.77
71.625	27.625	-0.77
71.875	26.625	-0.77
71.875	26.875	-0.77
71.875	27.125	-0.77
71.875	27.375	-0.77
72.125	27.125	-0.77
77.125	32.375	-0.76
77.125	32.625	-0.76
77.125	32.875	-0.76
77.375	32.125	-0.76
77.375	32.375	-0.76
77.375	32.625	-0.76
77.375	32.875	-0.76
77.375	33.125	-0.76
77.625	32.125	-0.76
77.625	32.375	-0.76
77.625	32.625	-0.76
77.625	32.875	-0.76
77.625	33.125	-0.76
77.875	32.375	-0.76
77.875	32.625	-0.76
77.875	32.875	-0.76
77.875	33.125	-0.76
71.875	27.625	-0.73
71.875	27.875	-0.73
72.125	27.875	-0.73
72.125	28.125	-0.73
75.125	32.625	-0.72
75.125	32.875	-0.72
75.125	33.125	-0.72
75.375	32.625	-0.72
75.375	32.875	-0.72
75.375	33.125	-0.72
75.375	33.375	-0.72
75.625	32.625	-0.72
75.625	32.875	-0.72
75.625	33.125	-0.72
75.625	33.375	-0.72
75.875	32.625	-0.72
75.875	32.875	-0.72
75.875	33.125	-0.72
75.875	33.375	-0.72
76.125	32.875	-0.72
85.375	24.375	-0.69
85.375	24.625	-0.69
85.625	24.125	-0.69
85.625	24.375	-0.69
85.625	24.625	-0.69
85.625	24.875	-0.69
85.875	24.125	-0.69
85.875	24.375	-0.69
85.875	24.625	-0.69
85.875	24.875	-0.69
86.125	24.125	-0.69
86.125	24.375	-0.69
86.125	24.625	-0.69
86.125	24.875	-0.69
86.375	24.125	-0.69
86.375	24.375	-0.69
70.875	25.875	-0.67
70.875	26.125	-0.67
71.125	25.625	-0.67
71.125	25.875	-0.67
71.125	26.125	-0.67
71.125	26.375	-0.67
71.375	25.625	-0.67
71.375	25.875	-0.67
71.375	26.125	-0.67
71.375	26.375	-0.67
71.625	25.375	-0.67
71.625	25.625	-0.67
71.625	25.875	-0.67
71.625	26.125	-0.67
71.625	26.375	-0.67
71.875	25.875	-0.67
71.875	26.125	-0.67
90.375	25.375	-0.64
90.625	25.375	-0.64
90.625	25.625	-0.64
90.875	25.375	-0.64
90.875	25.625	-0.64
90.875	25.875	-0.64
91.125	25.375	-0.64
91.125	25.625	-0.64
91.125	25.875	-0.64
91.375	25.375	-0.64
91.375	25.625	-0.64
91.375	25.875	-0.64
91.625	25.625	-0.64
87.375	24.125	-0.63
87.375	24.375	-0.63
87.625	23.875	-0.63
87.625	24.125	-0.63
87.625	24.375	-0.63
87.625	24.625	-0.63
87.875	23.875	-0.63
87.875	24.125	-0.63
87.875	24.375	-0.63
87.875	24.625	-0.63
88.125	23.625	-0.63
88.125	23.875	-0.63
88.125	24.125	-0.63
88.125	24.375	-0.63
88.375	23.875	-0.63
88.375	24.125	-0.63
81.125	25.875	-0.61
81.125	26.125	-0.61
81.125	26.375	-0.61
81.375	25.625	-0.61
81.375	25.875	-0.61
81.375	26.125	-0.61
81.375	26.375	-0.61
81.625	25.625	-0.61
81.625	25.875	-0.61
81.625	26.125	-0.61
81.625	26.375	-0.61
81.875	25.625	-0.61
81.875	25.875	-0.61
81.875	26.125	-0.61
81.875	26.375	-0.61
82.125	25.875	-0.61
82.125	26.125	-0.61
71.875	25.125	-0.61
71.875	25.375	-0.61
71.875	25.625	-0.61
72.125	24.875	-0.61
72.125	25.125	-0.61
72.125	25.375	-0.61
72.125	25.625	-0.61
72.375	24.875	-0.61
72.375	25.125	-0.61
72.375	25.375	-0.61
72.375	25.625	-0.61
72.625	24.875	-0.61
72.625	25.125	-0.61
72.625	25.375	-0.61
72.625	25.625	-0.61
77.875	11.125	-0.57
77.875	11.375	-0.57
78.125	10.625	-0.57
78.125	10.875	-0.57
78.125	11.125	-0.57
78.125	11.375	-0.57
78.375	10.625	-0.57
78.375	10.875	-0.57
78.375	11.125	-0.57
78.375	11.375	-0.57
78.625	10.625	-0.57
78.625	10.875	-0.57
78.625	11.125	-0.57
78.625	11.375	-0.57
78.875	10.875	-0.57
78.875	11.125	-0.57
78.875	11.375	-0.57
78.875	11.625	-0.57
78.875	11.875	-0.57
79.125	11.125	-0.57
79.125	11.375	-0.57
79.125	11.625	-0.57
79.125	11.875	-0.57
79.375	11.125	-0.57
79.375	11.375	-0.57
79.375	11.625	-0.57
79.375	11.875	-0.57
79.625	11.125	-0.57
79.625	11.375	-0.57
79.625	11.875	-0.57
94.875	26.625	-0.56
94.875	26.875	-0.56
94.875	27.125	-0.56
94.875	27.375	-0.56
95.125	26.875	-0.56
95.125	27.125	-0.56
95.125	27.375	-0.56
95.375	27.125	-0.56
95.375	27.375	-0.56
95.625	27.125	-0.56
95.625	27.375	-0.56
95.625	27.625	-0.56
73.875	33.125	-0.55
73.875	33.375	-0.55
73.875	33.625	-0.55
74.125	33.125	-0.55
74.125	33.375	-0.55
77.875	11.875	-0.55
77.875	12.125	-0.55
77.875	12.375	-0.55
78.125	11.625	-0.55
78.125	11.875	-0.55
78.125	12.125	-0.55
78.125	12.375	-0.55
78.125	12.625	-0.55
78.375	11.625	-0.55
78.375	11.875	-0.55
78.375	12.125	-0.55
78.375	12.375	-0.55
78.625	11.625	-0.55
78.625	11.875	-0.55
78.625	12.125	-0.55
78.625	12.375	-0.55
78.875	12.125	-0.55
78.875	10.375	-0.54
78.875	10.625	-0.54
79.125	10.375	-0.54
79.125	10.625	-0.54
79.125	10.875	-0.54
79.375	10.625	-0.54
79.375	10.875	-0.54
79.625	10.625	-0.54
79.625	10.875	-0.54
72.625	36.125	-0.54
72.875	36.125	-0.54
73.125	35.875	-0.54
73.125	36.125	-0.54
73.125	36.375	-0.54
73.375	35.875	-0.54
73.375	36.125	-0.54
73.375	36.375	-0.54
73.375	36.625	-0.54
73.625	36.125	-0.54
73.625	36.375	-0.54
73.625	36.625	-0.54
92.625	26.625	-0.53
92.625	26.875	-0.53
92.875	26.375	-0.53
92.875	26.625	-0.53
92.875	26.875	-0.53
92.875	27.125	-0.53
93.125	26.375	-0.53
93.125	26.625	-0.53
93.125	26.875	-0.53
93.125	27.125	-0.53
93.375	26.375	-0.53
93.375	26.625	-0.53
93.375	26.875	-0.53
93.375	27.125	-0.53
93.625	26.625	-0.53
93.625	26.875	-0.53
93.625	27.125	-0.53
91.625	25.875	-0.52
91.625	26.125	-0.52
91.875	25.625	-0.52
91.875	25.875	-0.52
91.875	26.125	-0.52
91.875	26.375	-0.52
92.125	25.875	-0.52
92.125	26.125	-0.52
92.125	26.375	-0.52
92.375	25.875	-0.52
92.375	26.125	-0.52
92.375	26.375	-0.52
92.375	26.625	-0.52
92.625	26.125	-0.52
92.625	26.375	-0.52
70.125	26.625	-0.52
70.125	26.875	-0.52
70.375	26.125	-0.52
70.375	26.375	-0.52
70.375	26.625	-0.52
70.375	26.875	-0.52
70.375	27.125	-0.52
70.625	26.125	-0.52
70.625	26.375	-0.52
70.625	26.625	-0.52
70.625	26.875	-0.52
70.625	27.125	-0.52
70.875	26.375	-0.52
70.875	26.625	-0.52
70.875	26.875	-0.52
70.875	27.125	-0.52
71.125	26.625	-0.52
74.125	33.625	-0.51
74.375	33.375	-0.51
74.375	33.625	-0.51
74.375	33.875	-0.51
74.375	34.125	-0.51
74.625	33.125	-0.51
74.625	33.375	-0.51
74.625	33.625	-0.51
74.625	33.875	-0.51
74.625	34.125	-0.51
74.875	33.125	-0.51
74.875	33.375	-0.51
74.875	33.625	-0.51
74.875	33.875	-0.51
74.875	34.125	-0.51
75.125	33.375	-0.51
75.125	33.625	-0.51
75.125	33.875	-0.51
75.125	34.125	-0.51
77.875	25.875	-0.49
78.125	25.625	-0.49
78.125	25.875	-0.49
78.125	26.125	-0.49
78.375	25.375	-0.49
78.375	25.625	-0.49
78.375	25.875	-0.49
78.375	26.125	-0.49
78.625	25.375	-0.49
78.625	25.625	-0.49
78.625	25.875	-0.49
78.625	26.125	-0.49
78.875	25.375	-0.49
78.875	25.625	-0.49
78.875	25.875	-0.49
78.875	26.125	-0.49
74.875	25.375	-0.48
74.875	25.625	-0.48
74.875	25.875	-0.48
75.125	25.125	-0.48
75.125	25.375	-0.48
75.125	25.625	-0.48
75.125	25.875	-0.48
75.375	25.125	-0.48
75.375	25.375	-0.48
75.375	25.625	-0.48
75.375	25.875	-0.48
75.625	25.125	-0.48
75.625	25.375	-0.48
75.625	25.625	-0.48
75.625	25.875	-0.48
75.875	25.375	-0.48
75.875	25.625	-0.48
76.125	33.125	-0.48
76.125	33.375	-0.48
76.125	33.625	-0.48
76.375	32.875	-0.48
76.375	33.125	-0.48
76.375	33.375	-0.48
76.375	33.625	-0.48
76.375	33.875	-0.48
76.625	32.875	-0.48
76.625	33.125	-0.48
76.625	33.375	-0.48
76.625	33.625	-0.48
76.625	33.875	-0.48
76.875	32.875	-0.48
76.875	33.125	-0.48
76.875	33.375	-0.48
76.875	33.625	-0.48
76.875	33.875	-0.48
77.125	33.125	-0.48
77.125	33.375	-0.48
77.125	33.625	-0.48
70.375	25.875	-0.48
70.625	25.875	-0.48
70.875	25.375	-0.48
70.875	25.625	-0.48
78.875	12.375	-0.48
78.875	12.625	-0.48
78.875	12.875	-0.48
79.125	12.125	-0.48
79.125	12.375	-0.48
79.125	12.625	-0.48
79.125	12.875	-0.48
79.375	12.125	-0.48
79.375	12.375	-0.48
79.375	12.625	-0.48
79.375	12.875	-0.48
79.625	12.125	-0.48
79.625	12.375	-0.48
79.625	12.625	-0.48
79.625	12.875	-0.48
79.125	32.875	-0.46
79.375	32.875	-0.46
82.125	25.375	-0.45
82.125	25.625	-0.45
82.375	25.125	-0.45
82.375	25.375	-0.45
82.375	25.625	-0.45
82.375	25.875	-0.45
82.625	24.875	-0.45
82.625	25.125	-0.45
82.625	25.375	-0.45
82.625	25.625	-0.45
82.875	24.875	-0.45
82.875	25.125	-0.45
82.875	25.375	-0.45
82.875	25.625	-0.45
83.125	25.125	-0.45
83.125	25.375	-0.45
83.125	25.625	-0.45
76.875	12.625	-0.45
76.875	12.875	-0.45
76.875	13.125	-0.45
77.125	12.375	-0.45
77.125	12.625	-0.45
77.125	12.875	-0.45
77.125	13.125	-0.45
77.375	12.375	-0.45
77.375	12.625	-0.45
77.375	12.875	-0.45
77.375	13.125	-0.45
77.625	12.375	-0.45
77.625	12.625	-0.45
77.625	12.875	-0.45
77.625	13.125	-0.45
77.875	12.625	-0.45
71.125	24.625	-0.45
71.125	24.875	-0.45
71.125	25.125	-0.45
71.125	25.375	-0.45
71.375	24.375	-0.45
71.375	24.625	-0.45
71.375	24.875	-0.45
71.375	25.125	-0.45
71.375	25.375	-0.45
71.625	24.375	-0.45
71.625	24.625	-0.45
71.625	24.875	-0.45
71.625	25.125	-0.45
71.875	24.875	-0.45
77.875	12.875	-0.44
77.875	13.125	-0.44
77.875	13.375	-0.44
77.875	13.625	-0.44
78.125	12.875	-0.44
78.125	13.125	-0.44
78.125	13.375	-0.44
78.125	13.625	-0.44
78.375	12.625	-0.44
78.375	12.875	-0.44
78.375	13.125	-0.44
78.375	13.375	-0.44
78.375	13.625	-0.44
78.625	12.625	-0.44
78.625	12.875	-0.44
78.625	13.125	-0.44
78.625	13.375	-0.44
77.875	10.125	-0.43
78.125	10.125	-0.43
78.125	10.375	-0.43
78.125	9.625	-0.43
78.125	9.875	-0.43
78.375	10.125	-0.43
78.375	10.375	-0.43
78.375	9.625	-0.43
78.375	9.875	-0.43
78.625	10.125	-0.43
78.625	10.375	-0.43
78.625	9.625	-0.43
78.625	9.875	-0.43
78.875	10.125	-0.43
83.125	24.875	-0.43
83.375	24.375	-0.43
83.375	24.625	-0.43
83.375	24.875	-0.43
83.375	25.125	-0.43
83.625	24.375	-0.43
83.625	24.625	-0.43
83.625	24.875	-0.43
83.625	25.125	-0.43
83.875	24.375	-0.43
83.875	24.625	-0.43
83.875	24.875	-0.43
83.875	25.125	-0.43
84.125	24.375	-0.43
84.125	24.625	-0.43
84.125	24.875	-0.43
84.375	24.625	-0.43
70.375	27.375	-0.43
70.375	27.625	-0.43
70.375	27.875	-0.43
70.625	27.375	-0.43
70.625	27.625	-0.43
70.875	27.375	-0.43
70.875	27.625	-0.43
71.125	27.625	-0.43
73.625	34.125	-0.41
73.625	34.375	-0.41
73.875	33.875	-0.41
73.875	34.125	-0.41
73.875	34.375	-0.41
73.875	34.625	-0.41
74.125	33.875	-0.41
74.125	34.125	-0.41
74.125	34.375	-0.41
74.125	34.625	-0.41
74.125	34.875	-0.41
74.375	34.375	-0.41
74.375	34.625	-0.41
86.375	23.875	-0.41
86.625	23.375	-0.41
86.625	23.625	-0.41
86.625	23.875	-0.41
86.625	24.125	-0.41
86.875	23.375	-0.41
86.875	23.625	-0.41
86.875	23.875	-0.41
86.875	24.125	-0.41
87.125	23.375	-0.41
87.125	23.625	-0.41
87.125	23.875	-0.41
87.125	24.125	-0.41
87.375	23.625	-0.41
87.375	23.875	-0.41
76.875	11.625	-0.41
76.875	11.875	-0.41
77.125	11.375	-0.41
77.125	11.625	-0.41
77.125	11.875	-0.41
77.125	12.125	-0.41
77.375	11.375	-0.41
77.375	11.625	-0.41
77.375	11.875	-0.41
77.375	12.125	-0.41
77.625	11.375	-0.41
77.625	11.625	-0.41
77.625	11.875	-0.41
77.625	12.125	-0.41
77.875	11.625	-0.41
75.375	33.625	-0.40
75.375	33.875	-0.40
75.375	34.125	-0.40
75.375	34.375	-0.40
75.625	33.625	-0.40
75.625	33.875	-0.40
75.625	34.125	-0.40
75.625	34.375	-0.40
75.625	34.625	-0.40
75.875	33.625	-0.40
75.875	33.875	-0.40
75.875	34.125	-0.40
75.875	34.375	-0.40
75.875	34.625	-0.40
76.125	33.875	-0.40
76.125	34.125	-0.40
76.125	34.375	-0.40
76.125	34.625	-0.40
76.375	34.125	-0.40
84.375	23.875	-0.40
84.375	24.125	-0.40
84.375	24.375	-0.40
84.625	23.625	-0.40
84.625	23.875	-0.40
84.625	24.125	-0.40
84.625	24.375	-0.40
84.875	23.625	-0.40
84.875	23.875	-0.40
84.875	24.125	-0.40
84.875	24.375	-0.40
85.125	23.625	-0.40
85.125	23.875	-0.40
85.125	24.125	-0.40
85.125	24.375	-0.40
85.375	23.875	-0.40
85.375	24.125	-0.40
73.625	35.625	-0.40
73.625	35.875	-0.40
73.875	35.375	-0.40
73.875	35.625	-0.40
73.875	35.875	-0.40
73.875	36.125	-0.40
74.125	35.375	-0.40
74.125	35.625	-0.40
74.125	35.875	-0.40
74.125	36.125	-0.40
74.375	35.125	-0.40
74.375	35.375	-0.40
74.375	35.625	-0.40
74.375	35.875	-0.40
74.625	35.375	-0.40
74.625	35.625	-0.40
80.625	30.375	-0.40
73.875	36.375	-0.39
73.875	36.625	-0.39
73.875	36.875	-0.39
74.125	36.375	-0.39
74.125	36.625	-0.39
74.375	36.125	-0.39
74.375	36.375	-0.39
74.375	36.625	-0.39
74.375	36.875	-0.39
74.625	36.375	-0.39
74.625	36.625	-0.39
74.625	36.875	-0.39
74.875	36.625	-0.39
74.875	36.875	-0.39
80.125	25.375	-0.39
80.125	25.625	-0.39
80.125	25.875	-0.39
80.375	25.375	-0.39
80.375	25.625	-0.39
80.375	25.875	-0.39
80.625	25.125	-0.39
80.625	25.375	-0.39
80.625	25.625	-0.39
80.625	25.875	-0.39
80.875	25.125	-0.39
80.875	25.375	-0.39
80.875	25.625	-0.39
80.875	25.875	-0.39
81.125	25.375	-0.39
81.125	25.625	-0.39
94.625	26.125	-0.37
93.625	26.375	-0.36
93.875	26.125	-0.36
93.875	26.375	-0.36
93.875	26.625	-0.36
93.875	26.875	-0.36
94.125	26.125	-0.36
94.125	26.375	-0.36
94.125	26.625	-0.36
94.125	26.875	-0.36
94.375	26.125	-0.36
94.375	26.375	-0.36
94.375	26.625	-0.36
94.375	26.875	-0.36
94.625	26.375	-0.36
94.625	26.625	-0.36
94.625	26.875	-0.36
91.625	25.375	-0.36
91.875	25.375	-0.36
92.125	25.375	-0.36
92.125	25.625	-0.36
92.375	25.125	-0.36
92.375	25.375	-0.36
92.375	25.625	-0.36
92.625	25.125	-0.36
92.625	25.375	-0.36
88.375	23.625	-0.36
88.625	23.125	-0.36
88.625	23.375	-0.36
78.125	32.625	-0.36
78.125	32.875	-0.36
78.125	33.125	-0.36
78.125	33.375	-0.36
78.375	32.625	-0.36
78.375	32.875	-0.36
78.375	33.125	-0.36
78.375	33.375	-0.36
78.375	33.625	-0.36
78.625	32.875	-0.36
78.625	33.125	-0.36
78.625	33.375	-0.36
78.625	33.625	-0.36
78.875	32.625	-0.36
78.875	32.875	-0.36
78.875	33.125	-0.36
78.875	33.375	-0.36
79.125	33.125	-0.36
76.875	10.625	-0.35
76.875	10.875	-0.35
77.125	10.375	-0.35
77.125	10.625	-0.35
77.125	10.875	-0.35
77.125	11.125	-0.35
77.375	10.375	-0.35
77.375	10.625	-0.35
77.375	10.875	-0.35
77.375	11.125	-0.35
77.625	10.375	-0.35
77.625	10.625	-0.35
77.625	10.875	-0.35
77.625	11.125	-0.35
77.875	10.375	-0.35
77.875	10.625	-0.35
77.875	10.875	-0.35
76.625	13.875	-0.35
76.875	13.375	-0.35
76.875	13.625	-0.35
76.875	13.875	-0.35
76.875	14.125	-0.35
77.125	13.375	-0.35
77.125	13.625	-0.35
77.125	13.875	-0.35
77.125	14.125	-0.35
77.375	13.375	-0.35
77.375	13.625	-0.35
77.375	13.875	-0.35
77.375	14.125	-0.35
77.625	13.375	-0.35
77.625	13.625	-0.35
77.625	13.875	-0.35
74.375	34.875	-0.35
74.625	34.375	-0.35
74.625	34.625	-0.35
74.625	34.875	-0.35
74.625	35.125	-0.35
74.875	34.375	-0.35
74.875	34.625	-0.35
74.875	34.875	-0.35
74.875	35.125	-0.35
74.875	35.375	-0.35
75.125	34.375	-0.35
75.125	34.625	-0.35
75.125	34.875	-0.35
75.125	35.125	-0.35
75.125	35.375	-0.35
75.375	34.625	-0.35
75.375	34.875	-0.35
75.375	35.125	-0.35
73.875	25.125	-0.34
73.875	25.375	-0.34
74.125	24.875	-0.34
74.125	25.125	-0.34
74.125	25.375	-0.34
74.125	25.625	-0.34
74.375	24.875	-0.34
74.375	25.125	-0.34
74.375	25.375	-0.34
74.375	25.625	-0.34
74.625	24.875	-0.34
74.625	25.125	-0.34
74.625	25.375	-0.34
74.625	25.625	-0.34
74.875	24.875	-0.34
74.875	25.125	-0.34
92.625	25.625	-0.32
92.625	25.875	-0.32
92.875	25.375	-0.32
92.875	25.625	-0.32
92.875	25.875	-0.32
92.875	26.125	-0.32
93.125	25.375	-0.32
93.125	25.625	-0.32
93.125	25.875	-0.32
93.125	26.125	-0.32
93.375	25.375	-0.32
93.375	25.625	-0.32
93.375	25.875	-0.32
93.375	26.125	-0.32
93.625	25.625	-0.32
93.625	25.875	-0.32
93.625	26.125	-0.32
96.875	27.375	-0.32
78.625	13.625	-0.30
78.875	13.125	-0.30
78.875	13.375	-0.30
78.875	13.625	-0.30
78.875	13.875	-0.30
79.125	13.125	-0.30
79.125	13.375	-0.30
79.125	13.625	-0.30
79.125	13.875	-0.30
79.375	13.125	-0.30
79.375	13.375	-0.30
79.375	13.625	-0.30
79.375	13.875	-0.30
79.625	13.125	-0.30
79.625	13.375	-0.30
79.625	13.625	-0.30
69.625	26.875	-0.30
69.875	26.875	-0.30
69.875	27.125	-0.30
70.125	27.125	-0.30
70.125	27.375	-0.30
70.125	27.625	-0.30
75.875	12.125	-0.30
75.875	12.375	-0.30
75.875	12.625	-0.30
76.125	11.875	-0.30
76.125	12.125	-0.30
76.125	12.375	-0.30
76.125	12.625	-0.30
76.375	11.875	-0.30
76.375	12.125	-0.30
76.375	12.375	-0.30
76.375	12.625	-0.30
76.625	11.875	-0.30
76.625	12.125	-0.30
76.625	12.375	-0.30
76.625	12.625	-0.30
76.875	12.125	-0.30
76.875	12.375	-0.30
77.625	14.125	-0.30
77.625	14.375	-0.30
77.875	13.875	-0.30
77.875	14.125	-0.30
77.875	14.375	-0.30
77.875	14.625	-0.30
78.125	13.875	-0.30
78.125	14.125	-0.30
78.125	14.375	-0.30
78.125	14.625	-0.30
78.375	13.875	-0.30
78.375	14.125	-0.30
78.375	14.375	-0.30
78.375	14.625	-0.30
78.625	13.875	-0.30
78.625	14.125	-0.30
78.625	14.375	-0.30
85.375	23.375	-0.29
85.375	23.625	-0.29
85.625	23.125	-0.29
85.625	23.375	-0.29
85.625	23.625	-0.29
85.625	23.875	-0.29
85.875	23.125	-0.29
85.875	23.375	-0.29
85.875	23.625	-0.29
85.875	23.875	-0.29
86.125	23.125	-0.29
86.125	23.375	-0.29
86.125	23.625	-0.29
86.125	23.875	-0.29
86.375	23.125	-0.29
86.375	23.375	-0.29
86.375	23.625	-0.29
76.875	9.625	-0.29
77.125	10.125	-0.29
77.125	9.375	-0.29
77.125	9.625	-0.29
77.125	9.875	-0.29
77.375	10.125	-0.29
77.375	9.375	-0.29
77.375	9.625	-0.29
77.375	9.875	-0.29
77.625	10.125	-0.29
77.625	9.125	-0.29
77.625	9.375	-0.29
77.625	9.625	-0.29
77.625	9.875	-0.29
77.875	9.375	-0.29
77.875	9.625	-0.29
77.875	9.875	-0.29
77.125	33.875	-0.28
77.375	33.375	-0.28
77.375	33.625	-0.28
77.375	33.875	-0.28
77.375	34.125	-0.28
77.625	33.375	-0.28
77.625	33.625	-0.28
77.625	33.875	-0.28
77.625	34.125	-0.28
77.625	34.375	-0.28
77.875	33.375	-0.28
77.875	33.625	-0.28
77.875	33.875	-0.28
77.875	34.125	-0.28
77.875	34.375	-0.28
78.125	33.625	-0.28
78.125	33.875	-0.28
78.125	34.125	-0.28
70.125	24.125	-0.28
70.375	23.875	-0.28
70.375	24.125	-0.28
70.625	23.875	-0.28
70.625	24.125	-0.28
74.625	35.875	-0.27
74.625	36.125	-0.27
74.875	35.625	-0.27
74.875	35.875	-0.27
74.875	36.125	-0.27
74.875	36.375	-0.27
75.125	35.625	-0.27
75.125	35.875	-0.27
75.125	36.125	-0.27
75.125	36.375	-0.27
75.375	35.375	-0.27
75.375	35.625	-0.27
75.375	35.875	-0.27
75.375	36.125	-0.27
75.375	36.375	-0.27
75.625	35.625	-0.27
75.625	35.875	-0.27
75.625	36.125	-0.27
75.625	36.375	-0.27
87.375	23.125	-0.27
87.375	23.375	-0.27
87.625	22.875	-0.27
87.625	23.125	-0.27
87.625	23.375	-0.27
87.625	23.625	-0.27
87.875	22.875	-0.27
87.875	23.125	-0.27
87.875	23.375	-0.27
87.875	23.625	-0.27
88.125	22.625	-0.27
88.125	22.875	-0.27
88.125	23.125	-0.27
88.125	23.375	-0.27
88.375	22.875	-0.27
88.375	23.125	-0.27
88.375	23.375	-0.27
72.875	24.625	-0.26
72.875	24.875	-0.26
72.875	25.125	-0.26
73.125	24.375	-0.26
73.125	24.625	-0.26
73.125	24.875	-0.26
73.125	25.125	-0.26
73.375	24.375	-0.26
73.375	24.625	-0.26
73.375	24.875	-0.26
73.375	25.125	-0.26
73.625	24.375	-0.26
73.625	24.625	-0.26
73.625	24.875	-0.26
73.625	25.125	-0.26
73.875	24.625	-0.26
73.875	24.875	-0.26
75.875	11.375	-0.26
76.125	10.875	-0.26
76.125	11.125	-0.26
76.125	11.375	-0.26
76.125	11.625	-0.26
76.375	10.875	-0.26
76.375	11.125	-0.26
76.375	11.375	-0.26
76.375	11.625	-0.26
76.625	10.875	-0.26
76.625	11.125	-0.26
76.625	11.375	-0.26
76.625	11.625	-0.26
76.875	11.125	-0.26
76.875	11.375	-0.26
94.875	25.875	-0.26
94.875	26.125	-0.26
94.875	26.375	-0.26
76.875	8.625	-0.25
77.125	8.375	-0.25
77.125	8.625	-0.25
77.125	8.875	-0.25
77.125	9.125	-0.25
77.375	8.375	-0.25
77.375	8.625	-0.25
77.375	8.875	-0.25
77.375	9.125	-0.25
77.625	8.375	-0.25
77.625	8.625	-0.25
77.625	8.875	-0.25
77.875	8.625	-0.25
77.875	8.875	-0.25
81.125	24.875	-0.25
81.125	25.125	-0.25
81.375	24.625	-0.25
81.375	24.875	-0.25
81.375	25.125	-0.25
81.375	25.375	-0.25
81.625	24.625	-0.25
81.625	24.875	-0.25
81.625	25.125	-0.25
81.625	25.375	-0.25
81.875	24.625	-0.25
81.875	24.875	-0.25
81.875	25.125	-0.25
81.875	25.375	-0.25
82.125	24.625	-0.25
82.125	24.875	-0.25
82.125	25.125	-0.25
76.375	34.375	-0.24
76.375	34.625	-0.24
76.625	34.125	-0.24
76.625	34.375	-0.24
76.625	34.625	-0.24
76.625	34.875	-0.24
76.875	34.125	-0.24
76.875	34.375	-0.24
76.875	34.625	-0.24
76.875	34.875	-0.24
76.875	35.125	-0.24
77.125	34.125	-0.24
77.125	34.375	-0.24
77.125	34.625	-0.24
77.125	34.875	-0.24
77.375	34.375	-0.24
77.375	34.625	-0.24
77.375	34.875	-0.24
79.875	12.625	-0.24
79.875	12.875	-0.24
79.875	13.125	-0.24
79.875	13.375	-0.24
80.125	13.375	-0.24
75.625	13.375	-0.24
75.875	13.125	-0.24
75.875	13.375	-0.24
75.875	13.625	-0.24
76.125	12.875	-0.24
76.125	13.125	-0.24
76.125	13.375	-0.24
76.125	13.625	-0.24
76.375	12.875	-0.24
76.375	13.125	-0.24
76.375	13.375	-0.24
76.375	13.625	-0.24
76.625	12.875	-0.24
76.625	13.125	-0.24
76.625	13.375	-0.24
76.625	13.625	-0.24
75.625	34.875	-0.24
75.625	35.125	-0.24
75.625	35.375	-0.24
75.875	34.875	-0.24
75.875	35.125	-0.24
75.875	35.375	-0.24
75.875	35.625	-0.24
75.875	35.875	-0.24
76.125	34.875	-0.24
76.125	35.125	-0.24
76.125	35.375	-0.24
76.125	35.625	-0.24
76.375	34.875	-0.24
76.375	35.125	-0.24
76.375	35.375	-0.24
76.375	35.625	-0.24
76.625	35.125	-0.24
76.625	35.375	-0.24
75.625	36.625	-0.24
71.875	24.125	-0.24
71.875	24.375	-0.24
71.875	24.625	-0.24
72.125	23.875	-0.24
72.125	24.125	-0.24
72.125	24.375	-0.24
72.125	24.625	-0.24
72.375	23.875	-0.24
72.375	24.125	-0.24
72.375	24.375	-0.24
72.375	24.625	-0.24
72.625	23.875	-0.24
72.625	24.125	-0.24
72.625	24.375	-0.24
72.625	24.625	-0.24
72.875	24.125	-0.24
72.875	24.375	-0.24
92.625	24.625	-0.23
92.625	24.875	-0.23
92.875	24.375	-0.23
92.875	24.625	-0.23
92.875	24.875	-0.23
92.875	25.125	-0.23
93.125	24.375	-0.23
93.125	24.625	-0.23
93.125	24.875	-0.23
93.125	25.125	-0.23
93.375	24.375	-0.23
93.375	24.625	-0.23
93.375	24.875	-0.23
93.375	25.125	-0.23
93.625	24.625	-0.23
93.625	24.875	-0.23
93.625	25.125	-0.23
75.125	36.625	-0.23
75.125	36.875	-0.23
75.375	36.625	-0.23
75.375	36.875	-0.23
91.625	23.875	-0.23
91.875	23.875	-0.23
91.875	24.125	-0.23
92.125	23.875	-0.23
92.125	24.125	-0.23
92.375	23.875	-0.23
92.375	24.125	-0.23
92.375	24.375	-0.23
92.375	24.625	-0.23
92.625	24.125	-0.23
92.625	24.375	-0.23
79.125	25.125	-0.22
79.125	25.375	-0.22
79.125	25.625	-0.22
79.375	24.875	-0.22
79.375	25.125	-0.22
79.375	25.375	-0.22
79.375	25.625	-0.22
79.625	24.875	-0.22
79.625	25.125	-0.22
79.625	25.375	-0.22
79.625	25.625	-0.22
79.875	24.875	-0.22
79.875	25.125	-0.22
79.875	25.375	-0.22
79.875	25.625	-0.22
80.125	25.125	-0.22
93.625	25.375	-0.21
93.875	25.125	-0.21
93.875	25.375	-0.21
93.875	25.625	-0.21
93.875	25.875	-0.21
94.125	25.125	-0.21
94.125	25.375	-0.21
94.125	25.625	-0.21
94.125	25.875	-0.21
94.375	25.125	-0.21
94.375	25.375	-0.21
94.375	25.625	-0.21
94.375	25.875	-0.21
94.625	25.875	-0.21
76.125	10.625	-0.21
76.375	10.125	-0.21
76.375	10.375	-0.21
76.375	10.625	-0.21
76.625	10.125	-0.21
76.625	10.375	-0.21
76.625	10.625	-0.21
76.625	9.875	-0.21
76.875	10.125	-0.21
76.875	10.375	-0.21
76.875	9.875	-0.21
86.375	22.875	-0.21
86.625	22.375	-0.21
86.625	22.625	-0.21
86.625	22.875	-0.21
86.625	23.125	-0.21
86.875	22.375	-0.21
86.875	22.625	-0.21
86.875	22.875	-0.21
86.875	23.125	-0.21
87.125	22.375	-0.21
87.125	22.625	-0.21
87.125	22.875	-0.21
87.125	23.125	-0.21
87.375	22.375	-0.21
87.375	22.625	-0.21
87.375	22.875	-0.21
79.625	13.875	-0.19
79.625	14.125	-0.19
79.875	13.625	-0.19
79.875	13.875	-0.19
79.875	14.125	-0.19
79.875	14.375	-0.19
82.125	24.375	-0.19
82.375	24.125	-0.19
82.375	24.375	-0.19
82.375	24.625	-0.19
82.375	24.875	-0.19
82.625	24.125	-0.19
82.625	24.375	-0.19
82.625	24.625	-0.19
82.875	23.875	-0.19
82.875	24.125	-0.19
82.875	24.375	-0.19
82.875	24.625	-0.19
83.125	23.875	-0.19
83.125	24.125	-0.19
83.125	24.375	-0.19
83.125	24.625	-0.19
91.375	23.375	-0.19
91.375	23.625	-0.19
91.375	23.875	-0.19
91.625	23.625	-0.19
84.375	23.125	-0.18
84.375	23.375	-0.18
84.625	22.875	-0.18
84.625	23.125	-0.18
84.625	23.375	-0.18
84.875	22.625	-0.18
84.875	22.875	-0.18
84.875	23.125	-0.18
84.875	23.375	-0.18
85.125	22.625	-0.18
85.125	22.875	-0.18
85.125	23.125	-0.18
85.125	23.375	-0.18
85.375	22.875	-0.18
85.375	23.125	-0.18
76.125	35.875	-0.17
75.875	36.125	-0.17
75.875	36.375	-0.17
76.125	36.125	-0.17
76.125	36.375	-0.17
76.375	35.875	-0.17
76.375	36.125	-0.17
76.625	36.125	-0.17
77.875	9.125	-0.16
78.125	9.375	-0.16
78.375	9.375	-0.16
78.625	9.375	-0.16
76.875	25.375	-0.16
76.875	25.625	-0.16
77.125	25.125	-0.16
77.125	25.375	-0.16
77.125	25.625	-0.16
77.125	25.875	-0.16
77.375	25.125	-0.16
77.375	25.375	-0.16
77.375	25.625	-0.16
77.375	25.875	-0.16
77.625	25.125	-0.16
77.625	25.375	-0.16
77.625	25.625	-0.16
77.625	25.875	-0.16
77.875	25.125	-0.16
77.875	25.375	-0.16
77.875	25.625	-0.16
78.125	25.375	-0.16
68.875	23.875	-0.16
68.875	24.125	-0.16
69.125	23.625	-0.16
69.125	23.875	-0.16
69.125	24.125	-0.16
69.375	23.625	-0.16
69.375	23.875	-0.16
69.375	24.125	-0.16
69.625	23.625	-0.16
69.625	23.875	-0.16
69.625	24.125	-0.16
69.875	23.875	-0.16
69.875	24.125	-0.16
88.375	22.625	-0.16
88.625	22.375	-0.16
88.625	22.625	-0.16
88.625	22.875	-0.16
88.875	22.375	-0.16
88.875	22.625	-0.16
76.625	14.625	-0.16
76.625	14.875	-0.16
76.875	14.375	-0.16
76.875	14.625	-0.16
76.875	14.875	-0.16
76.875	15.125	-0.16
77.125	14.375	-0.16
77.125	14.625	-0.16
77.125	14.875	-0.16
77.125	15.125	-0.16
77.375	14.375	-0.16
77.375	14.625	-0.16
77.375	14.875	-0.16
77.375	15.125	-0.16
77.625	14.625	-0.16
77.625	14.875	-0.16
80.125	24.625	-0.15
80.125	24.875	-0.15
80.375	24.375	-0.15
80.375	24.625	-0.15
80.375	24.875	-0.15
80.375	25.125	-0.15
80.625	24.125	-0.15
80.625	24.375	-0.15
80.625	24.625	-0.15
80.625	24.875	-0.15
80.875	24.125	-0.15
80.875	24.375	-0.15
80.875	24.625	-0.15
80.875	24.875	-0.15
81.125	24.375	-0.15
81.125	24.625	-0.15
83.375	23.625	-0.15
83.375	23.875	-0.15
83.375	24.125	-0.15
83.625	23.375	-0.15
83.625	23.625	-0.15
83.625	23.875	-0.15
83.625	24.125	-0.15
83.875	23.375	-0.15
83.875	23.625	-0.15
83.875	23.875	-0.15
83.875	24.125	-0.15
84.125	23.375	-0.15
84.125	23.625	-0.15
84.125	23.875	-0.15
84.125	24.125	-0.15
84.375	23.625	-0.15
75.625	14.375	-0.15
75.875	13.875	-0.15
75.875	14.125	-0.15
75.875	14.375	-0.15
75.875	14.625	-0.15
75.875	14.875	-0.15
76.125	13.875	-0.15
76.125	14.125	-0.15
76.125	14.375	-0.15
76.125	14.625	-0.15
76.375	13.875	-0.15
76.375	14.125	-0.15
76.375	14.375	-0.15
76.375	14.625	-0.15
76.625	14.125	-0.15
76.625	14.375	-0.15
92.625	23.625	-0.15
92.625	23.875	-0.15
92.875	23.625	-0.15
92.875	23.875	-0.15
92.875	24.125	-0.15
93.125	23.875	-0.15
93.125	24.125	-0.15
93.375	24.125	-0.15
93.625	24.375	-0.15
93.625	24.125	-0.14
93.875	24.125	-0.14
93.875	24.375	-0.14
93.875	24.625	-0.14
93.875	24.875	-0.14
94.125	24.375	-0.14
94.125	24.625	-0.14
94.125	24.875	-0.14
94.375	24.875	-0.14
85.375	22.375	-0.14
85.375	22.625	-0.14
85.625	22.125	-0.14
85.625	22.375	-0.14
85.625	22.625	-0.14
85.625	22.875	-0.14
85.875	22.125	-0.14
85.875	22.375	-0.14
85.875	22.625	-0.14
85.875	22.875	-0.14
86.125	22.125	-0.14
86.125	22.375	-0.14
86.125	22.625	-0.14
86.125	22.875	-0.14
86.375	22.125	-0.14
86.375	22.375	-0.14
86.375	22.625	-0.14
76.625	35.625	-0.14
76.625	35.875	-0.14
76.875	35.375	-0.14
76.875	35.625	-0.14
77.125	35.125	-0.14
77.125	35.375	-0.14
77.125	35.625	-0.14
77.375	35.125	-0.14
77.375	35.375	-0.14
77.625	35.375	-0.14
70.875	23.625	-0.14
70.875	23.875	-0.14
70.875	24.125	-0.14
71.125	23.375	-0.14
71.125	23.625	-0.14
71.125	23.875	-0.14
71.125	24.125	-0.14
71.375	23.375	-0.14
71.375	23.625	-0.14
71.375	23.875	-0.14
71.375	24.125	-0.14
71.625	23.375	-0.14
71.625	23.625	-0.14
71.625	23.875	-0.14
71.625	24.125	-0.14
71.875	23.625	-0.14
71.875	23.875	-0.14
77.625	34.625	-0.14
77.625	34.875	-0.14
77.625	35.125	-0.14
77.875	34.625	-0.14
77.875	34.875	-0.14
77.875	35.125	-0.14
77.875	35.375	-0.14
78.125	34.375	-0.14
78.125	34.625	-0.14
78.125	34.875	-0.14
78.125	35.125	-0.14
78.125	35.375	-0.14
78.375	34.625	-0.14
78.375	34.875	-0.14
78.375	35.125	-0.14
78.375	35.375	-0.14
78.625	34.875	-0.14
92.875	23.375	-0.13
93.125	23.375	-0.13
93.125	23.625	-0.13
78.375	33.875	-0.13
78.375	34.125	-0.13
78.375	34.375	-0.13
78.625	33.875	-0.13
78.625	34.125	-0.13
78.625	34.375	-0.13
78.625	34.625	-0.13
78.875	33.625	-0.13
78.875	33.875	-0.13
78.875	34.125	-0.13
78.875	34.375	-0.13
78.875	34.625	-0.13
79.125	34.375	-0.13
79.125	34.625	-0.13
79.375	34.375	-0.13
75.125	12.625	-0.13
75.125	12.875	-0.13
75.125	13.125	-0.13
75.125	13.375	-0.13
75.375	12.375	-0.13
75.375	12.625	-0.13
75.375	12.875	-0.13
75.375	13.125	-0.13
75.375	13.375	-0.13
75.625	12.375	-0.13
75.625	12.625	-0.13
75.625	12.875	-0.13
75.625	13.125	-0.13
75.875	12.875	-0.13
92.375	23.625	-0.12
92.625	23.125	-0.12
91.625	23.375	-0.12
92.625	23.375	-0.12
92.625	22.625	-0.11
92.625	22.875	-0.11
92.875	22.375	-0.11
92.875	22.625	-0.11
92.875	22.875	-0.11
92.875	23.125	-0.11
76.375	9.625	-0.10
76.625	9.125	-0.10
76.625	9.375	-0.10
76.625	9.625	-0.10
76.875	8.875	-0.10
76.875	9.125	-0.10
76.875	9.375	-0.10
75.125	12.375	-0.090
75.375	12.125	-0.090
75.625	12.125	-0.090
75.875	11.625	-0.090
75.875	11.875	-0.090
77.625	15.125	-0.090
77.625	15.375	-0.090
77.875	14.875	-0.090
77.875	15.125	-0.090
77.875	15.375	-0.090
77.875	15.625	-0.090
78.125	14.875	-0.090
78.125	15.125	-0.090
78.125	15.375	-0.090
78.125	15.625	-0.090
78.375	14.875	-0.090
78.375	15.125	-0.090
78.375	15.375	-0.090
78.375	15.625	-0.090
78.625	14.875	-0.090
78.625	15.125	-0.090
78.625	15.375	-0.090
84.375	22.125	-0.090
84.375	22.375	-0.090
84.625	21.875	-0.090
84.625	22.125	-0.090
84.625	22.375	-0.090
84.625	22.625	-0.090
84.875	21.625	-0.090
84.875	21.875	-0.090
84.875	22.125	-0.090
84.875	22.375	-0.090
85.125	21.625	-0.090
85.125	21.875	-0.090
85.125	22.125	-0.090
85.125	22.375	-0.090
85.375	21.875	-0.090
85.375	22.125	-0.090
83.375	22.625	-0.080
83.375	22.875	-0.080
83.375	23.125	-0.080
83.625	22.375	-0.080
83.625	22.625	-0.080
83.625	22.875	-0.080
83.625	23.125	-0.080
83.875	22.375	-0.080
83.875	22.625	-0.080
83.875	22.875	-0.080
83.875	23.125	-0.080
84.125	22.375	-0.080
84.125	22.625	-0.080
84.125	22.875	-0.080
84.125	23.125	-0.080
84.375	22.625	-0.080
84.375	22.875	-0.080
81.125	24.125	-0.080
81.375	23.625	-0.080
81.375	23.875	-0.080
81.375	24.125	-0.080
81.375	24.375	-0.080
81.625	23.625	-0.080
81.625	23.875	-0.080
81.625	24.125	-0.080
81.625	24.375	-0.080
81.875	23.625	-0.080
81.875	23.875	-0.080
81.875	24.125	-0.080
81.875	24.375	-0.080
82.125	23.625	-0.080
82.125	23.875	-0.080
82.125	24.125	-0.080
82.375	23.875	-0.080
68.625	23.625	-0.080
68.875	23.375	-0.080
68.875	23.625	-0.080
69.875	23.375	-0.080
69.875	23.625	-0.080
70.125	23.125	-0.080
70.125	23.375	-0.080
70.125	23.625	-0.080
70.125	23.875	-0.080
70.375	23.375	-0.080
70.375	23.625	-0.080
70.625	22.875	-0.080
70.625	23.375	-0.080
70.625	23.625	-0.080
70.875	23.125	-0.080
70.875	23.375	-0.080
69.125	23.125	-0.070
69.125	23.375	-0.070
69.375	23.125	-0.070
69.375	23.375	-0.070
69.625	23.125	-0.070
69.625	23.375	-0.070
69.875	23.125	-0.070
87.375	22.125	-0.070
87.625	21.875	-0.070
87.625	22.125	-0.070
87.625	22.375	-0.070
87.625	22.625	-0.070
87.875	21.875	-0.070
87.875	22.125	-0.070
87.875	22.375	-0.070
87.875	22.625	-0.070
88.125	22.125	-0.070
88.125	22.375	-0.070
88.375	21.875	-0.070
88.375	22.125	-0.070
88.375	22.375	-0.070
74.875	13.625	-0.070
74.875	13.875	-0.070
74.875	14.125	-0.070
74.875	14.375	-0.070
75.125	13.625	-0.070
75.125	13.875	-0.070
75.125	14.125	-0.070
75.125	14.375	-0.070
75.375	13.625	-0.070
75.375	13.875	-0.070
75.375	14.125	-0.070
75.375	14.375	-0.070
75.625	13.625	-0.070
75.625	13.875	-0.070
75.625	14.125	-0.070
85.375	21.375	-0.060
85.375	21.625	-0.060
85.625	21.125	-0.060
85.625	21.375	-0.060
85.625	21.625	-0.060
85.625	21.875	-0.060
85.875	21.125	-0.060
85.875	21.375	-0.060
85.875	21.625	-0.060
85.875	21.875	-0.060
86.125	21.125	-0.060
86.125	21.375	-0.060
86.125	21.625	-0.060
86.125	21.875	-0.060
86.375	21.125	-0.060
86.375	21.375	-0.060
86.375	21.625	-0.060
78.625	14.625	-0.060
78.875	14.125	-0.060
78.875	14.375	-0.060
78.875	14.625	-0.060
78.875	14.875	-0.060
78.875	15.125	-0.060
79.125	14.125	-0.060
79.125	14.375	-0.060
79.125	14.625	-0.060
79.125	14.875	-0.060
79.375	14.125	-0.060
79.375	14.375	-0.060
79.375	14.625	-0.060
79.375	14.875	-0.060
79.625	14.375	-0.060
79.625	14.625	-0.060
82.375	23.125	-0.060
82.375	23.375	-0.060
82.375	23.625	-0.060
82.625	23.125	-0.060
82.625	23.375	-0.060
82.625	23.625	-0.060
82.625	23.875	-0.060
82.875	22.875	-0.060
82.875	23.125	-0.060
82.875	23.375	-0.060
82.875	23.625	-0.060
83.125	22.875	-0.060
83.125	23.125	-0.060
83.125	23.375	-0.060
83.125	23.625	-0.060
83.375	23.375	-0.060
79.625	14.875	-0.050
79.625	15.125	-0.050
79.875	14.625	-0.050
79.875	14.875	-0.050
79.875	15.125	-0.050
79.875	15.375	-0.050
86.375	21.875	-0.050
86.625	21.375	-0.050
86.625	21.625	-0.050
86.625	21.875	-0.050
86.625	22.125	-0.050
86.875	21.625	-0.050
86.875	21.875	-0.050
86.875	22.125	-0.050
87.125	21.875	-0.050
87.125	22.125	-0.050
87.375	21.875	-0.050
77.875	24.875	-0.040
78.125	24.625	-0.040
78.125	24.875	-0.040
78.125	25.125	-0.040
78.375	24.375	-0.040
78.375	24.625	-0.040
78.375	24.875	-0.040
78.375	25.125	-0.040
78.625	24.375	-0.040
78.625	24.625	-0.040
78.625	24.875	-0.040
78.625	25.125	-0.040
78.875	24.375	-0.040
78.875	24.625	-0.040
78.875	24.875	-0.040
78.875	25.125	-0.040
79.125	24.625	-0.040
79.125	24.875	-0.040
78.375	35.625	-0.040
75.625	15.375	-0.040
75.625	15.625	-0.040
75.875	15.125	-0.040
75.875	15.375	-0.040
75.875	15.625	-0.040
75.875	15.875	-0.040
76.125	14.875	-0.040
76.125	15.125	-0.040
76.125	15.375	-0.040
76.125	15.625	-0.040
76.125	15.875	-0.040
76.375	14.875	-0.040
76.375	15.125	-0.040
76.375	15.375	-0.040
76.375	15.625	-0.040
76.625	15.125	-0.040
76.625	15.375	-0.040
80.125	23.625	-0.030
80.375	23.375	-0.030
80.375	23.625	-0.030
80.375	23.875	-0.030
80.375	24.125	-0.030
80.625	23.125	-0.030
80.625	23.375	-0.030
80.625	23.625	-0.030
80.625	23.875	-0.030
80.875	23.125	-0.030
80.875	23.375	-0.030
80.875	23.625	-0.030
80.875	23.875	-0.030
81.125	23.375	-0.030
81.125	23.625	-0.030
81.125	23.875	-0.030
79.125	24.125	-0.030
79.125	24.375	-0.030
79.375	23.875	-0.030
79.375	24.125	-0.030
79.375	24.375	-0.030
79.375	24.625	-0.030
79.625	23.875	-0.030
79.625	24.125	-0.030
79.625	24.375	-0.030
79.625	24.625	-0.030
79.875	23.875	-0.030
79.875	24.125	-0.030
79.875	24.375	-0.030
79.875	24.625	-0.030
80.125	23.875	-0.030
80.125	24.125	-0.030
80.125	24.375	-0.030
84.375	19.125	-0.020
84.625	19.375	-0.020
81.125	23.125	-0.020
81.375	22.875	-0.020
81.375	23.125	-0.020
81.375	23.375	-0.020
81.625	22.625	-0.020
81.625	22.875	-0.020
81.625	23.125	-0.020
81.625	23.375	-0.020
81.875	22.625	-0.020
81.875	22.875	-0.020
81.875	23.125	-0.020
81.875	23.375	-0.020
82.125	22.625	-0.020
82.125	22.875	-0.020
82.125	23.125	-0.020
82.125	23.375	-0.020
82.375	22.875	-0.020
84.375	21.125	-0.020
84.625	20.875	-0.020
84.625	21.125	-0.020
84.625	21.375	-0.020
84.625	21.625	-0.020
84.875	20.625	-0.020
84.875	20.875	-0.020
84.875	21.125	-0.020
84.875	21.375	-0.020
85.125	20.625	-0.020
85.125	20.875	-0.020
85.125	21.125	-0.020
85.125	21.375	-0.020
85.375	20.875	-0.020
85.375	21.125	-0.020
78.625	35.125	-0.010
78.625	35.375	-0.010
78.625	35.625	-0.010
78.875	34.875	-0.010
78.875	35.125	-0.010
78.875	35.375	-0.010
78.875	35.625	-0.010
79.125	34.875	-0.010
79.125	35.125	-0.010
79.125	35.375	-0.010
79.125	35.625	-0.010
79.375	34.875	-0.010
79.375	35.125	-0.010
79.375	35.375	-0.010
79.375	35.625	-0.010
79.375	35.875	-0.010
79.625	35.125	-0.010
79.625	35.375	-0.010
79.625	35.625	-0.010
82.375	22.125	0
82.375	22.375	0
82.375	22.625	0
82.625	22.125	0
82.625	22.375	0
82.625	22.625	0
82.625	22.875	0
82.875	21.875	0
82.875	22.125	0
82.875	22.375	0
82.875	22.625	0
83.125	21.875	0
83.125	22.125	0
83.125	22.375	0
83.125	22.625	0
83.375	22.125	0
83.375	22.375	0
83.375	21.625	0
83.375	21.875	0
83.625	21.375	0
83.625	21.625	0
83.625	21.875	0
83.625	22.125	0
83.875	21.375	0
83.875	21.625	0
83.875	21.875	0
83.875	22.125	0
84.125	21.375	0
84.125	21.625	0
84.125	21.875	0
84.125	22.125	0
84.375	21.375	0
84.375	21.625	0
84.375	21.875	0
74.625	14.875	0
74.625	15.125	0
74.875	14.625	0
74.875	14.875	0
74.875	15.125	0
74.875	15.375	0
75.125	14.625	0
75.125	14.875	0
75.125	15.125	0
75.125	15.375	0
75.375	14.625	0
75.375	14.875	0
75.375	15.125	0
75.375	15.375	0
75.625	14.625	0
75.625	14.875	0
75.625	15.125	0
79.375	34.625	0
79.625	34.625	0
79.625	34.875	0
79.875	34.875	0
79.875	35.125	0
75.875	25.125	0
76.125	24.625	0
76.125	24.875	0
76.125	25.125	0
76.125	25.375	0
76.375	24.625	0
76.375	24.875	0
76.375	25.125	0
76.375	25.375	0
76.625	24.625	0
76.625	24.875	0
76.625	25.125	0
76.625	25.375	0
76.875	24.625	0
76.875	24.875	0
76.875	25.125	0
68.875	23.125	0
82.625	17.625	0.010
69.375	22.125	0.020
69.625	21.875	0.020
69.625	22.125	0.020
69.875	21.625	0.020
69.875	21.875	0.020
69.875	22.125	0.020
70.125	21.875	0.020
85.375	20.625	0.020
85.625	20.125	0.020
85.625	20.375	0.020
85.625	20.625	0.020
85.625	20.875	0.020
85.875	20.125	0.020
85.875	20.375	0.020
85.875	20.625	0.020
85.875	20.875	0.020
86.125	20.125	0.020
86.125	20.375	0.020
86.125	20.625	0.020
86.125	20.875	0.020
86.375	20.375	0.020
86.375	20.625	0.020
73.875	24.125	0.030
73.875	24.375	0.030
74.125	23.875	0.030
74.125	24.125	0.030
74.125	24.375	0.030
74.125	24.625	0.030
74.375	23.875	0.030
74.375	24.125	0.030
74.375	24.375	0.030
74.375	24.625	0.030
74.625	23.625	0.030
74.625	23.875	0.030
74.625	24.125	0.030
74.625	24.375	0.030
74.625	24.625	0.030
74.875	23.875	0.030
74.875	24.125	0.030
74.875	24.375	0.030
74.875	24.625	0.030
75.125	24.125	0.030
75.125	24.375	0.030
75.125	24.625	0.030
75.125	24.875	0.030
75.375	24.125	0.030
75.375	24.375	0.030
75.375	24.625	0.030
75.375	24.875	0.030
75.625	24.125	0.030
75.625	24.375	0.030
75.625	24.625	0.030
75.625	24.875	0.030
75.875	24.125	0.030
75.875	24.375	0.030
75.875	24.625	0.030
75.875	24.875	0.030
86.375	20.875	0.030
86.625	20.625	0.030
86.625	20.875	0.030
86.625	21.125	0.030
69.875	22.375	0.030
70.125	22.125	0.030
70.125	22.375	0.030
70.375	21.875	0.030
70.375	22.125	0.030
70.375	22.375	0.030
70.375	22.625	0.030
70.625	21.875	0.030
70.625	22.125	0.030
70.625	22.375	0.030
70.625	22.625	0.030
70.875	21.875	0.030
70.875	22.125	0.030
70.875	22.375	0.030
70.875	22.625	0.030
71.125	22.375	0.030
69.125	22.125	0.030
83.375	20.875	0.030
83.625	20.375	0.030
83.625	20.625	0.030
83.625	20.875	0.030
83.625	21.125	0.030
83.875	20.375	0.030
83.875	20.625	0.030
83.875	20.875	0.030
83.875	21.125	0.030
84.125	20.375	0.030
84.125	20.625	0.030
84.125	20.875	0.030
84.125	21.125	0.030
84.375	20.375	0.030
84.375	20.625	0.030
84.375	20.875	0.030
74.375	14.875	0.030
74.625	14.125	0.030
74.625	14.375	0.030
74.625	14.625	0.030
74.625	15.875	0.030
74.625	16.125	0.030
74.625	16.375	0.030
74.875	15.625	0.030
74.875	15.875	0.030
74.875	16.125	0.030
74.875	16.375	0.030
75.125	15.625	0.030
75.125	15.875	0.030
75.125	16.125	0.030
75.125	16.375	0.030
75.375	15.625	0.030
75.375	15.875	0.030
75.375	16.125	0.030
75.375	16.375	0.030
75.625	15.875	0.030
72.875	23.625	0.050
72.875	23.875	0.050
73.125	23.375	0.050
73.125	23.625	0.050
73.125	23.875	0.050
73.125	24.125	0.050
73.375	23.375	0.050
73.375	23.625	0.050
73.375	23.875	0.050
73.375	24.125	0.050
73.625	23.375	0.050
73.625	23.625	0.050
73.625	23.875	0.050
73.625	24.125	0.050
73.875	23.375	0.050
73.875	23.625	0.050
73.875	23.875	0.050
82.375	21.375	0.050
82.375	21.625	0.050
82.625	21.125	0.050
82.625	21.375	0.050
82.625	21.625	0.050
82.625	21.875	0.050
82.875	20.875	0.050
82.875	21.125	0.050
82.875	21.375	0.050
82.875	21.625	0.050
83.125	20.875	0.050
83.125	21.125	0.050
83.125	21.375	0.050
83.125	21.625	0.050
83.375	21.125	0.050
83.375	21.375	0.050
81.375	21.875	0.050
81.375	22.125	0.050
81.375	22.375	0.050
81.625	21.625	0.050
81.625	21.875	0.050
81.625	22.125	0.050
81.625	22.375	0.050
81.875	21.625	0.050
81.875	21.875	0.050
81.875	22.125	0.050
81.875	22.375	0.050
82.125	21.625	0.050
82.125	21.875	0.050
82.125	22.125	0.050
82.125	22.375	0.050
82.375	21.875	0.050
69.125	22.375	0.050
84.375	20.125	0.060
84.625	19.875	0.060
84.625	20.125	0.060
84.625	20.375	0.060
84.625	20.625	0.060
84.875	19.625	0.060
84.875	19.875	0.060
84.875	20.125	0.060
84.875	20.375	0.060
85.125	19.875	0.060
85.125	20.125	0.060
85.125	20.375	0.060
85.375	19.875	0.060
85.375	20.125	0.060
85.375	20.375	0.060
76.625	15.625	0.060
76.625	15.875	0.060
76.625	16.125	0.060
76.875	15.375	0.060
76.875	15.625	0.060
76.875	15.875	0.060
76.875	16.125	0.060
77.125	15.375	0.060
77.125	15.625	0.060
77.125	15.875	0.060
77.125	16.125	0.060
77.375	15.375	0.060
77.375	15.625	0.060
77.375	15.875	0.060
77.375	16.125	0.060
77.625	15.625	0.060
77.625	15.875	0.060
79.875	35.375	0.060
79.875	35.625	0.060
80.125	35.625	0.060
75.625	16.125	0.060
75.625	16.375	0.060
75.625	16.625	0.060
75.625	16.875	0.060
75.875	16.125	0.060
75.875	16.375	0.060
75.875	16.625	0.060
75.875	16.875	0.060
76.125	16.125	0.060
76.125	16.375	0.060
76.125	16.625	0.060
76.125	16.875	0.060
76.375	15.875	0.060
76.375	16.125	0.060
76.375	16.375	0.060
76.375	16.625	0.060
76.625	16.375	0.060
73.875	15.375	0.070
73.375	16.875	0.070
73.375	17.125	0.070
73.375	17.375	0.070
73.875	15.625	0.070
73.875	15.875	0.070
74.125	15.125	0.070
74.125	15.375	0.070
74.125	15.625	0.070
74.125	15.875	0.070
74.375	15.125	0.070
74.375	15.375	0.070
74.375	15.625	0.070
74.375	15.875	0.070
74.625	15.375	0.070
74.625	15.625	0.070
83.375	19.875	0.080
83.625	19.375	0.080
83.625	19.625	0.080
83.625	19.875	0.080
83.625	20.125	0.080
83.875	19.375	0.080
83.875	19.625	0.080
83.875	19.875	0.080
83.875	20.125	0.080
84.125	19.375	0.080
84.125	19.625	0.080
84.125	19.875	0.080
84.125	20.125	0.080
84.375	19.375	0.080
84.375	19.625	0.080
84.375	19.875	0.080
84.625	19.625	0.080
71.875	23.375	0.080
72.125	22.875	0.080
72.125	23.125	0.080
72.125	23.375	0.080
72.125	23.625	0.080
72.375	22.875	0.080
72.375	23.125	0.080
72.375	23.375	0.080
72.375	23.625	0.080
72.625	22.875	0.080
72.625	23.125	0.080
72.625	23.375	0.080
72.625	23.625	0.080
72.875	22.875	0.080
72.875	23.125	0.080
72.875	23.375	0.080
70.875	22.875	0.080
71.125	22.625	0.080
71.125	22.875	0.080
71.125	23.125	0.080
71.375	22.375	0.080
71.375	22.625	0.080
71.375	22.875	0.080
71.375	23.125	0.080
71.625	22.375	0.080
71.625	22.625	0.080
71.625	22.875	0.080
71.625	23.125	0.080
71.875	22.375	0.080
71.875	22.625	0.080
71.875	22.875	0.080
71.875	23.125	0.080
81.375	20.875	0.080
81.375	21.125	0.080
81.625	20.625	0.080
81.625	20.875	0.080
81.625	21.125	0.080
81.625	21.375	0.080
81.875	20.625	0.080
81.875	20.875	0.080
81.875	21.125	0.080
81.875	21.375	0.080
82.125	20.625	0.080
82.125	20.875	0.080
82.125	21.125	0.080
82.125	21.375	0.080
82.375	20.625	0.080
82.375	20.875	0.080
82.375	21.125	0.080
80.375	22.375	0.090
80.375	22.625	0.090
80.375	22.875	0.090
80.625	22.375	0.090
80.625	22.625	0.090
80.625	22.875	0.090
80.875	22.125	0.090
80.875	22.375	0.090
80.875	22.625	0.090
80.875	22.875	0.090
81.125	22.125	0.090
81.125	22.375	0.090
81.125	22.625	0.090
81.125	22.875	0.090
81.375	22.625	0.090
77.625	16.125	0.10
77.625	16.375	0.10
77.625	16.625	0.10
77.875	15.875	0.10
77.875	16.125	0.10
77.875	16.375	0.10
77.875	16.625	0.10
78.125	15.875	0.10
78.125	16.125	0.10
78.125	16.375	0.10
78.125	16.625	0.10
78.375	15.875	0.10
78.375	16.125	0.10
78.375	16.375	0.10
78.375	16.625	0.10
78.625	16.125	0.10
73.125	18.375	0.10
73.125	18.625	0.10
73.375	17.875	0.10
73.375	18.125	0.10
74.375	17.125	0.10
74.625	16.625	0.10
74.625	16.875	0.10
74.625	17.125	0.10
74.625	17.375	0.10
74.875	16.625	0.10
74.875	16.875	0.10
74.875	17.125	0.10
74.875	17.375	0.10
75.125	16.625	0.10
75.125	16.875	0.10
75.125	17.125	0.10
75.125	17.375	0.10
75.375	16.625	0.10
75.375	16.875	0.10
75.375	17.125	0.10
73.625	16.375	0.11
73.625	16.625	0.11
73.625	16.875	0.11
73.875	16.125	0.11
73.875	16.375	0.11
73.875	16.625	0.11
73.875	16.875	0.11
74.125	16.125	0.11
74.125	16.375	0.11
74.125	16.625	0.11
74.125	16.875	0.11
74.375	16.125	0.11
74.375	16.375	0.11
74.375	16.625	0.11
74.375	16.875	0.11
82.375	20.375	0.11
82.625	20.125	0.11
82.625	20.375	0.11
82.625	20.625	0.11
82.625	20.875	0.11
82.875	19.875	0.11
82.875	20.125	0.11
82.875	20.375	0.11
82.875	20.625	0.11
83.125	19.875	0.11
83.125	20.125	0.11
83.125	20.375	0.11
83.125	20.625	0.11
83.375	20.125	0.11
83.375	20.375	0.11
83.375	20.625	0.11
78.625	15.625	0.11
78.625	15.875	0.11
78.875	15.375	0.11
78.875	15.625	0.11
78.875	15.875	0.11
78.875	16.125	0.11
79.125	15.125	0.11
79.125	15.375	0.11
79.125	15.625	0.11
79.125	15.875	0.11
79.125	16.125	0.11
79.375	15.125	0.11
79.375	15.375	0.11
79.375	15.625	0.11
79.375	15.875	0.11
79.625	15.375	0.11
79.625	15.625	0.11
73.625	16.125	0.12
81.625	16.625	0.12
81.625	16.875	0.12
81.625	17.125	0.12
81.875	16.625	0.12
81.875	16.875	0.12
81.875	17.125	0.12
81.875	17.375	0.12
82.125	16.875	0.12
82.125	17.125	0.12
82.125	17.375	0.12
79.125	23.375	0.12
79.375	22.875	0.12
79.375	23.125	0.12
79.375	23.375	0.12
79.375	23.625	0.12
79.625	22.875	0.12
79.625	23.125	0.12
79.625	23.375	0.12
79.625	23.625	0.12
79.875	22.875	0.12
79.875	23.125	0.12
79.875	23.375	0.12
79.875	23.625	0.12
80.125	22.875	0.12
80.125	23.125	0.12
80.125	23.375	0.12
80.375	23.125	0.12
77.125	24.125	0.12
77.125	24.375	0.12
77.125	24.625	0.12
77.125	24.875	0.12
77.375	24.125	0.12
77.375	24.375	0.12
77.375	24.625	0.12
77.375	24.875	0.12
77.625	24.125	0.12
77.625	24.375	0.12
77.625	24.625	0.12
77.625	24.875	0.12
77.875	24.125	0.12
77.875	24.375	0.12
77.875	24.625	0.12
78.125	24.375	0.12
83.625	18.375	0.12
83.625	18.625	0.12
83.625	18.875	0.12
83.625	19.125	0.12
83.875	18.625	0.12
83.875	18.875	0.12
83.875	19.125	0.12
84.125	18.875	0.12
84.125	19.125	0.12
71.375	21.125	0.12
76.375	16.875	0.13
76.625	16.625	0.13
76.625	16.875	0.13
76.625	17.125	0.13
76.875	16.375	0.13
76.875	16.625	0.13
76.875	16.875	0.13
76.875	17.125	0.13
77.125	16.375	0.13
77.125	16.625	0.13
77.125	16.875	0.13
77.125	17.125	0.13
77.375	16.375	0.13
77.375	16.625	0.13
77.375	16.875	0.13
77.375	17.125	0.13
78.125	23.625	0.13
78.125	23.875	0.13
78.125	24.125	0.13
78.375	23.375	0.13
78.375	23.625	0.13
78.375	23.875	0.13
78.375	24.125	0.13
78.625	23.375	0.13
78.625	23.625	0.13
78.625	23.875	0.13
78.625	24.125	0.13
78.875	23.375	0.13
78.875	23.625	0.13
78.875	23.875	0.13
78.875	24.125	0.13
79.125	23.625	0.13
79.125	23.875	0.13
72.875	19.375	0.15
72.875	19.625	0.15
73.125	18.875	0.15
73.125	19.125	0.15
73.125	19.375	0.15
73.375	19.125	0.15
75.375	17.375	0.16
75.375	17.625	0.16
75.625	17.125	0.16
75.625	17.375	0.16
75.625	17.625	0.16
75.625	17.875	0.16
75.875	17.125	0.16
75.875	17.375	0.16
75.875	17.625	0.16
75.875	17.875	0.16
76.125	17.125	0.16
76.125	17.375	0.16
76.125	17.625	0.16
76.125	17.875	0.16
76.375	17.125	0.16
76.375	17.375	0.16
76.375	17.625	0.16
76.625	17.375	0.16
79.625	15.875	0.16
79.625	16.125	0.16
79.625	16.375	0.16
79.875	15.625	0.16
79.875	15.875	0.16
79.875	16.125	0.16
79.875	16.375	0.16
80.125	15.875	0.16
80.125	16.125	0.16
80.125	16.375	0.16
80.375	16.125	0.16
80.375	16.375	0.16
80.625	16.125	0.16
77.375	17.375	0.17
77.625	16.875	0.17
77.625	17.125	0.17
77.625	17.375	0.17
77.625	17.625	0.17
77.875	16.875	0.17
77.875	17.125	0.17
77.875	17.375	0.17
77.875	17.625	0.17
78.125	16.875	0.17
78.125	17.125	0.17
78.125	17.375	0.17
78.125	17.625	0.17
78.375	16.875	0.17
78.375	17.125	0.17
78.375	17.375	0.17
78.375	17.625	0.17
80.375	21.375	0.17
80.375	21.625	0.17
80.375	21.875	0.17
80.625	21.125	0.17
80.625	21.375	0.17
80.625	21.625	0.17
80.625	21.875	0.17
80.625	22.125	0.17
80.875	21.125	0.17
80.875	21.375	0.17
80.875	21.625	0.17
80.875	21.875	0.17
81.125	21.125	0.17
81.125	21.375	0.17
81.125	21.625	0.17
81.125	21.875	0.17
81.375	21.375	0.17
81.375	21.625	0.17
73.375	17.625	0.17
73.625	17.125	0.17
73.625	17.375	0.17
73.625	17.625	0.17
73.625	17.875	0.17
73.875	17.125	0.17
73.875	17.375	0.17
73.875	17.625	0.17
73.875	17.875	0.17
74.125	17.125	0.17
74.125	17.375	0.17
74.125	17.625	0.17
74.125	17.875	0.17
74.375	17.375	0.17
74.375	17.625	0.17
70.125	21.375	0.17
70.125	21.625	0.17
70.375	21.125	0.17
70.375	21.375	0.17
70.375	21.625	0.17
70.625	21.125	0.17
70.625	21.375	0.17
70.625	21.625	0.17
70.875	20.875	0.17
70.875	21.125	0.17
70.875	21.375	0.17
70.875	21.625	0.17
71.125	21.125	0.17
71.125	21.375	0.17
81.375	19.875	0.18
81.375	20.125	0.18
81.625	19.625	0.18
81.625	19.875	0.18
81.625	20.125	0.18
81.625	20.375	0.18
81.875	19.625	0.18
81.875	19.875	0.18
81.875	20.125	0.18
81.875	20.375	0.18
82.125	19.625	0.18
82.125	19.875	0.18
82.125	20.125	0.18
82.125	20.375	0.18
82.375	19.625	0.18
82.375	19.875	0.18
82.375	20.125	0.18
74.375	17.875	0.18
74.375	18.125	0.18
74.625	17.625	0.18
74.625	17.875	0.18
74.625	18.125	0.18
74.625	18.375	0.18
74.875	17.625	0.18
74.875	17.875	0.18
74.875	18.125	0.18
74.875	18.375	0.18
75.125	17.625	0.18
75.125	17.875	0.18
75.125	18.125	0.18
75.125	18.375	0.18
75.375	17.875	0.18
75.375	18.125	0.18
72.875	19.875	0.18
72.875	20.125	0.18
73.125	19.875	0.18
73.125	20.125	0.18
73.125	20.375	0.18
82.375	19.375	0.19
82.625	19.125	0.19
82.625	19.375	0.19
82.625	19.625	0.19
82.625	19.875	0.19
82.875	18.875	0.19
82.875	19.125	0.19
82.875	19.375	0.19
82.875	19.625	0.19
83.125	18.875	0.19
83.125	19.125	0.19
83.125	19.375	0.19
83.125	19.625	0.19
83.375	18.875	0.19
83.375	19.125	0.19
83.375	19.375	0.19
83.375	19.625	0.19
76.375	17.875	0.19
76.625	17.625	0.19
76.625	17.875	0.19
76.625	18.125	0.19
76.625	18.375	0.19
76.875	17.375	0.19
76.875	17.625	0.19
76.875	17.875	0.19
76.875	18.125	0.19
76.875	18.375	0.19
77.125	17.375	0.19
77.125	17.625	0.19
77.125	17.875	0.19
77.125	18.125	0.19
77.375	17.625	0.19
77.375	17.875	0.19
77.375	18.125	0.19
80.375	20.625	0.20
80.375	20.875	0.20
80.625	20.125	0.20
80.625	20.375	0.20
80.625	20.625	0.20
80.625	20.875	0.20
80.875	20.125	0.20
80.875	20.375	0.20
80.875	20.625	0.20
80.875	20.875	0.20
81.125	20.125	0.20
81.125	20.375	0.20
81.125	20.625	0.20
81.125	20.875	0.20
81.375	20.375	0.20
81.375	20.625	0.20
71.125	21.625	0.20
71.125	21.875	0.20
71.125	22.125	0.20
71.375	21.375	0.20
71.375	21.625	0.20
71.375	21.875	0.20
71.375	22.125	0.20
71.625	21.375	0.20
71.625	21.625	0.20
71.625	21.875	0.20
71.625	22.125	0.20
71.875	21.375	0.20
71.875	21.625	0.20
71.875	21.875	0.20
71.875	22.125	0.20
73.375	18.375	0.20
73.375	18.625	0.20
73.375	18.875	0.20
73.625	18.125	0.20
73.625	18.375	0.20
73.625	18.625	0.20
73.625	18.875	0.20
73.625	19.125	0.20
73.875	18.125	0.20
73.875	18.375	0.20
73.875	18.625	0.20
73.875	18.875	0.20
74.125	18.125	0.20
74.125	18.375	0.20
74.125	18.625	0.20
74.125	18.875	0.20
74.375	18.375	0.20
74.375	18.625	0.20
78.625	16.375	0.22
78.625	16.625	0.22
78.625	16.875	0.22
78.625	17.125	0.22
78.875	16.375	0.22
78.875	16.625	0.22
78.875	16.875	0.22
78.875	17.125	0.22
79.125	16.375	0.22
79.125	16.625	0.22
79.125	16.875	0.22
79.125	17.125	0.22
79.375	16.125	0.22
79.375	16.375	0.22
79.375	16.625	0.22
79.375	16.875	0.22
79.625	16.625	0.22
79.375	17.125	0.22
79.625	16.875	0.22
79.625	17.125	0.22
79.625	17.375	0.22
79.875	16.625	0.22
79.875	16.875	0.22
79.875	17.125	0.22
79.875	17.375	0.22
80.125	16.625	0.22
80.125	16.875	0.22
80.125	17.125	0.22
80.125	17.375	0.22
80.375	16.625	0.22
80.375	16.875	0.22
80.375	17.125	0.22
80.375	17.375	0.22
80.625	17.125	0.22
78.625	17.375	0.23
78.625	17.625	0.23
78.625	17.875	0.23
78.625	18.125	0.23
78.875	17.375	0.23
78.875	17.625	0.23
78.875	17.875	0.23
78.875	18.125	0.23
79.125	17.375	0.23
79.125	17.625	0.23
79.125	17.875	0.23
79.125	18.125	0.23
79.375	17.375	0.23
79.375	17.625	0.23
79.375	17.875	0.23
79.625	17.625	0.23
76.125	23.875	0.24
76.125	24.125	0.24
76.125	24.375	0.24
76.375	23.625	0.24
76.375	23.875	0.24
76.375	24.125	0.24
76.375	24.375	0.24
76.625	23.625	0.24
76.625	23.875	0.24
76.625	24.125	0.24
76.625	24.375	0.24
76.875	23.625	0.24
76.875	23.875	0.24
76.875	24.125	0.24
76.875	24.375	0.24
77.125	23.875	0.24
77.375	18.375	0.24
77.625	17.875	0.24
77.625	18.125	0.24
77.625	18.375	0.24
77.625	18.625	0.24
77.875	17.875	0.24
77.875	18.125	0.24
77.875	18.375	0.24
77.875	18.625	0.24
78.125	17.875	0.24
78.125	18.125	0.24
78.125	18.375	0.24
78.125	18.625	0.24
78.375	17.875	0.24
78.375	18.125	0.24
78.375	18.375	0.24
82.375	18.375	0.25
82.625	18.125	0.25
82.625	18.375	0.25
82.625	18.625	0.25
82.875	17.875	0.25
82.875	18.125	0.25
82.875	18.375	0.25
82.875	18.625	0.25
83.125	17.875	0.25
83.125	18.125	0.25
83.125	18.375	0.25
83.125	18.625	0.25
83.375	18.125	0.25
83.375	18.375	0.25
83.375	18.625	0.25
75.375	18.375	0.25
75.375	18.625	0.25
75.625	18.125	0.25
75.625	18.375	0.25
75.625	18.625	0.25
75.625	18.875	0.25
75.875	18.125	0.25
75.875	18.375	0.25
75.875	18.625	0.25
75.875	18.875	0.25
76.125	18.125	0.25
76.125	18.375	0.25
76.125	18.625	0.25
76.125	18.875	0.25
76.375	18.125	0.25
76.375	18.375	0.25
76.375	18.625	0.25
80.625	16.375	0.25
80.625	16.625	0.25
80.625	16.875	0.25
80.875	16.125	0.25
80.875	16.375	0.25
80.875	16.625	0.25
80.875	16.875	0.25
81.125	16.625	0.25
81.125	16.875	0.25
81.375	16.625	0.25
81.375	16.875	0.25
80.625	17.375	0.25
80.625	17.625	0.25
80.625	17.875	0.25
80.875	17.125	0.25
80.875	17.375	0.25
80.875	17.625	0.25
80.875	17.875	0.25
81.125	17.125	0.25
81.125	17.375	0.25
81.125	17.625	0.25
81.125	17.875	0.25
81.375	17.125	0.25
81.375	17.375	0.25
81.375	17.625	0.25
81.375	17.875	0.25
81.625	17.375	0.25
81.625	17.625	0.26
81.625	17.875	0.26
81.625	18.125	0.26
81.625	18.375	0.26
81.875	17.625	0.26
81.875	17.875	0.26
81.875	18.125	0.26
81.875	18.375	0.26
82.125	17.625	0.26
82.125	17.875	0.26
82.125	18.125	0.26
82.125	18.375	0.26
82.375	17.375	0.26
82.375	17.625	0.26
82.375	17.875	0.26
82.375	18.125	0.26
82.625	17.875	0.26
80.375	19.625	0.27
80.625	19.125	0.27
80.625	19.375	0.27
80.625	19.625	0.27
80.625	19.875	0.27
80.875	19.125	0.27
80.875	19.375	0.27
80.875	19.625	0.27
80.875	19.875	0.27
81.125	19.125	0.27
81.125	19.375	0.27
81.125	19.625	0.27
81.125	19.875	0.27
81.375	19.375	0.27
81.375	19.625	0.27
79.375	21.875	0.27
79.375	22.125	0.27
79.375	22.375	0.27
79.375	22.625	0.27
79.625	21.875	0.27
79.625	22.125	0.27
79.625	22.375	0.27
79.625	22.625	0.27
79.875	21.875	0.27
79.875	22.125	0.27
79.875	22.375	0.27
79.875	22.625	0.27
80.125	21.875	0.27
80.125	22.125	0.27
80.125	22.375	0.27
80.125	22.625	0.27
80.375	22.125	0.27
81.375	19.125	0.27
81.625	18.625	0.27
81.625	18.875	0.27
81.625	19.125	0.27
81.625	19.375	0.27
81.875	18.625	0.27
81.875	18.875	0.27
81.875	19.125	0.27
81.875	19.375	0.27
82.125	18.625	0.27
82.125	18.875	0.27
82.125	19.125	0.27
82.125	19.375	0.27
82.375	18.625	0.27
82.375	18.875	0.27
82.375	19.125	0.27
82.625	18.875	0.27
80.375	18.625	0.27
80.625	18.125	0.27
80.625	18.375	0.27
80.625	18.625	0.27
80.625	18.875	0.27
80.875	18.125	0.27
80.875	18.375	0.27
80.875	18.625	0.27
80.875	18.875	0.27
81.125	18.125	0.27
81.125	18.375	0.27
81.125	18.625	0.27
81.125	18.875	0.27
81.375	18.125	0.27
81.375	18.375	0.27
81.375	18.625	0.27
81.375	18.875	0.27
73.125	22.375	0.28
73.125	22.625	0.28
73.125	22.875	0.28
73.125	23.125	0.28
73.375	22.375	0.28
73.375	22.625	0.28
73.375	22.875	0.28
73.375	23.125	0.28
73.625	22.375	0.28
73.625	22.625	0.28
73.625	22.875	0.28
73.625	23.125	0.28
73.875	22.375	0.28
73.875	22.625	0.28
73.875	22.875	0.28
74.125	22.625	0.28
72.125	22.125	0.28
72.125	22.375	0.28
72.125	22.625	0.28
72.375	22.625	0.28
72.625	22.625	0.28
72.875	21.875	0.28
72.875	22.125	0.28
72.875	22.375	0.28
72.875	22.625	0.28
73.125	22.125	0.28
79.375	18.125	0.28
79.625	17.875	0.28
79.625	18.125	0.28
79.625	18.375	0.28
79.625	18.625	0.28
79.875	17.625	0.28
79.875	17.875	0.28
79.875	18.125	0.28
79.875	18.375	0.28
79.875	18.625	0.28
80.125	17.625	0.28
80.125	17.875	0.28
80.125	18.125	0.28
80.125	18.375	0.28
80.375	17.625	0.28
80.375	17.875	0.28
80.375	18.125	0.28
80.375	18.375	0.28
78.375	18.625	0.28
78.375	18.875	0.28
78.625	18.375	0.28
78.625	18.625	0.28
78.625	18.875	0.28
78.625	19.125	0.28
78.875	18.375	0.28
78.875	18.625	0.28
78.875	18.875	0.28
78.875	19.125	0.28
79.125	18.375	0.28
79.125	18.625	0.28
79.125	18.875	0.28
79.125	19.125	0.28
79.375	18.375	0.28
79.375	18.625	0.28
79.375	18.875	0.28
74.875	23.625	0.28
75.125	23.375	0.28
75.125	23.625	0.28
75.125	23.875	0.28
75.375	23.125	0.28
75.375	23.375	0.28
75.375	23.625	0.28
75.375	23.875	0.28
75.625	23.125	0.28
75.625	23.375	0.28
75.625	23.625	0.28
75.625	23.875	0.28
75.875	23.125	0.28
75.875	23.375	0.28
75.875	23.625	0.28
75.875	23.875	0.28
76.125	23.375	0.28
76.125	23.625	0.28
79.375	20.125	0.30
79.375	20.375	0.30
79.625	19.875	0.30
79.625	20.125	0.30
79.625	20.375	0.30
79.625	20.625	0.30
79.875	19.875	0.30
79.875	20.125	0.30
79.875	20.375	0.30
79.875	20.625	0.30
80.125	19.875	0.30
80.125	20.125	0.30
80.125	20.375	0.30
80.125	20.625	0.30
80.375	19.875	0.30
80.375	20.125	0.30
80.375	20.375	0.30
73.875	23.125	0.30
74.125	22.875	0.30
74.125	23.125	0.30
74.125	23.375	0.30
74.125	23.625	0.30
74.375	22.875	0.30
74.375	23.125	0.30
74.375	23.375	0.30
74.375	23.625	0.30
74.625	22.625	0.30
74.625	22.875	0.30
74.625	23.125	0.30
74.625	23.375	0.30
74.875	22.625	0.30
74.875	22.875	0.30
74.875	23.125	0.30
74.875	23.375	0.30
75.125	23.125	0.30
73.125	19.625	0.30
73.375	19.375	0.30
73.375	19.625	0.30
73.375	19.875	0.30
73.375	20.125	0.30
73.625	19.375	0.30
73.625	19.625	0.30
73.625	19.875	0.30
73.625	20.125	0.30
73.875	19.125	0.30
73.875	19.375	0.30
73.875	19.625	0.30
73.875	19.875	0.30
74.125	19.125	0.30
74.125	19.375	0.30
74.125	19.625	0.30
74.125	19.875	0.30
74.375	19.625	0.30
74.375	18.875	0.30
74.375	19.125	0.30
74.375	19.375	0.30
74.625	18.625	0.30
74.625	18.875	0.30
74.625	19.125	0.30
74.625	19.375	0.30
74.875	18.625	0.30
74.875	18.875	0.30
74.875	19.125	0.30
74.875	19.375	0.30
75.125	18.625	0.30
75.125	18.875	0.30
75.125	19.125	0.30
75.125	19.375	0.30
75.375	18.875	0.30
75.375	19.125	0.30
76.375	18.875	0.31
76.375	19.125	0.31
76.625	18.625	0.31
76.625	18.875	0.31
76.625	19.125	0.31
76.625	19.375	0.31
76.875	18.625	0.31
76.875	18.875	0.31
76.875	19.125	0.31
76.875	19.375	0.31
77.125	18.375	0.31
77.125	18.625	0.31
77.125	18.875	0.31
77.125	19.125	0.31
77.125	19.375	0.31
77.375	18.625	0.31
77.375	18.875	0.31
79.375	21.125	0.32
79.375	21.375	0.32
79.625	20.875	0.32
79.625	21.125	0.32
79.625	21.375	0.32
79.625	21.625	0.32
79.875	20.875	0.32
79.875	21.125	0.32
79.875	21.375	0.32
79.875	21.625	0.32
80.125	20.875	0.32
80.125	21.125	0.32
80.125	21.375	0.32
80.125	21.625	0.32
80.375	21.125	0.32
79.375	19.125	0.33
79.375	19.375	0.33
79.625	18.875	0.33
79.625	19.125	0.33
79.625	19.375	0.33
79.625	19.625	0.33
79.875	18.875	0.33
79.875	19.125	0.33
79.875	19.375	0.33
79.875	19.625	0.33
80.125	18.625	0.33
80.125	18.875	0.33
80.125	19.125	0.33
80.125	19.375	0.33
80.125	19.625	0.33
80.375	18.875	0.33
80.375	19.125	0.33
80.375	19.375	0.33
72.875	20.875	0.33
72.875	21.125	0.33
72.875	21.375	0.33
72.875	21.625	0.33
73.125	21.125	0.33
73.125	21.375	0.33
77.125	23.375	0.35
77.125	23.625	0.35
77.375	23.125	0.35
77.375	23.375	0.35
77.375	23.625	0.35
77.375	23.875	0.35
77.625	23.125	0.35
77.625	23.375	0.35
77.625	23.625	0.35
77.625	23.875	0.35
77.875	23.125	0.35
77.875	23.375	0.35
77.875	23.625	0.35
77.875	23.875	0.35
78.125	23.125	0.35
78.125	23.375	0.35
78.125	22.875	0.35
78.375	22.375	0.35
78.375	22.625	0.35
78.375	22.875	0.35
78.375	23.125	0.35
78.625	22.375	0.35
78.625	22.625	0.35
78.625	22.875	0.35
78.625	23.125	0.35
78.875	22.375	0.35
78.875	22.625	0.35
78.875	22.875	0.35
78.875	23.125	0.35
79.125	22.375	0.35
79.125	22.625	0.35
79.125	22.875	0.35
79.125	23.125	0.35
77.375	19.125	0.37
77.375	19.375	0.37
77.375	19.625	0.37
77.625	18.875	0.37
77.625	19.125	0.37
77.625	19.375	0.37
77.625	19.625	0.37
77.875	18.875	0.37
77.875	19.125	0.37
77.875	19.375	0.37
77.875	19.625	0.37
78.125	18.875	0.37
78.125	19.125	0.37
78.125	19.375	0.37
78.125	19.625	0.37
78.375	19.125	0.37
78.375	19.375	0.37
75.375	19.375	0.38
75.375	19.625	0.38
75.375	19.875	0.38
75.625	19.125	0.38
75.625	19.375	0.38
75.625	19.625	0.38
75.625	19.875	0.38
75.875	19.125	0.38
75.875	19.375	0.38
75.875	19.625	0.38
75.875	19.875	0.38
76.125	19.125	0.38
76.125	19.375	0.38
76.125	19.625	0.38
76.125	19.875	0.38
76.375	19.375	0.38
73.125	20.625	0.41
73.125	20.875	0.41
73.375	20.375	0.41
73.375	20.625	0.41
73.375	20.875	0.41
73.375	21.125	0.41
73.625	20.375	0.41
73.625	20.625	0.41
73.625	20.875	0.41
73.625	21.125	0.41
73.875	20.125	0.41
73.875	20.375	0.41
73.875	20.625	0.41
73.875	20.875	0.41
73.875	21.125	0.41
74.125	20.375	0.41
74.125	20.625	0.41
74.125	20.875	0.41
78.375	19.625	0.41
78.375	19.875	0.41
78.625	19.375	0.41
78.625	19.625	0.41
78.625	19.875	0.41
78.625	20.125	0.41
78.875	19.375	0.41
78.875	19.625	0.41
78.875	19.875	0.41
78.875	20.125	0.41
79.125	19.375	0.41
79.125	19.625	0.41
79.125	19.875	0.41
79.125	20.125	0.41
79.375	19.625	0.41
79.375	19.875	0.41
73.125	21.625	0.42
73.125	21.875	0.42
73.375	21.375	0.42
73.375	21.625	0.42
73.375	21.875	0.42
73.375	22.125	0.42
73.625	21.375	0.42
73.625	21.625	0.42
73.625	21.875	0.42
73.625	22.125	0.42
73.875	21.375	0.42
73.875	21.625	0.42
73.875	21.875	0.42
73.875	22.125	0.42
74.125	21.375	0.42
74.125	21.625	0.42
78.375	20.625	0.44
78.375	20.875	0.44
78.375	21.125	0.44
78.625	20.375	0.44
78.625	20.625	0.44
78.625	20.875	0.44
78.625	21.125	0.44
78.875	20.375	0.44
78.875	20.625	0.44
78.875	20.875	0.44
78.875	21.125	0.44
79.125	20.375	0.44
79.125	20.625	0.44
79.125	20.875	0.44
79.125	21.125	0.44
79.375	20.625	0.44
79.375	20.875	0.44
74.125	20.125	0.44
74.375	19.875	0.44
74.375	20.125	0.44
74.375	20.375	0.44
74.625	19.625	0.44
74.625	19.875	0.44
74.625	20.125	0.44
74.625	20.375	0.44
74.875	19.625	0.44
74.875	19.875	0.44
74.875	20.125	0.44
74.875	20.375	0.44
75.125	19.625	0.44
75.125	19.875	0.44
75.125	20.125	0.44
75.125	20.375	0.44
78.125	21.875	0.48
78.375	21.625	0.48
78.375	21.875	0.48
78.375	22.125	0.48
78.625	21.375	0.48
78.625	21.625	0.48
78.625	21.875	0.48
78.625	22.125	0.48
78.875	21.375	0.48
78.875	21.625	0.48
78.875	21.875	0.48
78.875	22.125	0.48
79.125	21.375	0.48
79.125	21.625	0.48
79.125	21.875	0.48
79.125	22.125	0.48
79.375	21.625	0.48
76.375	19.625	0.49
76.375	19.875	0.49
76.375	20.125	0.49
76.625	19.625	0.49
76.625	19.875	0.49
76.625	20.125	0.49
76.625	20.375	0.49
76.875	19.625	0.49
76.875	19.875	0.49
76.875	20.125	0.49
76.875	20.375	0.49
77.125	19.625	0.49
77.125	19.875	0.49
77.125	20.125	0.49
77.125	20.375	0.49
77.375	19.875	0.49
77.375	20.125	0.52
77.375	20.375	0.52
77.375	20.625	0.52
77.625	19.875	0.52
77.625	20.125	0.52
77.625	20.375	0.52
77.625	20.625	0.52
77.625	20.875	0.52
77.875	19.875	0.52
77.875	20.125	0.52
77.875	20.375	0.52
77.875	20.625	0.52
78.125	19.875	0.52
78.125	20.125	0.52
78.125	20.375	0.52
78.125	20.625	0.52
78.375	20.125	0.52
78.375	20.375	0.52
76.125	22.875	0.53
76.125	23.125	0.53
76.375	22.625	0.53
76.375	22.875	0.53
76.375	23.125	0.53
76.375	23.375	0.53
76.625	22.625	0.53
76.625	22.875	0.53
76.625	23.125	0.53
76.625	23.375	0.53
76.875	22.625	0.53
76.875	22.875	0.53
76.875	23.125	0.53
76.875	23.375	0.53
77.125	22.875	0.53
77.125	23.125	0.53
74.125	21.875	0.53
74.125	22.125	0.53
74.125	22.375	0.53
74.375	21.625	0.53
74.375	21.875	0.53
74.375	22.125	0.53
74.375	22.375	0.53
74.375	22.625	0.53
74.625	21.625	0.53
74.625	21.875	0.53
74.625	22.125	0.53
74.625	22.375	0.53
74.875	21.625	0.53
74.875	21.875	0.53
74.875	22.125	0.53
74.875	22.375	0.53
75.125	21.875	0.53
75.125	22.125	0.53
74.125	21.125	0.57
74.375	20.625	0.57
74.375	20.875	0.57
74.375	21.125	0.57
74.375	21.375	0.57
74.625	20.625	0.57
74.625	20.875	0.57
74.625	21.125	0.57
74.625	21.375	0.57
74.875	20.625	0.57
74.875	20.875	0.57
74.875	21.125	0.57
74.875	21.375	0.57
75.125	20.875	0.57
75.125	21.125	0.57
75.125	20.625	0.59
75.375	20.125	0.59
75.375	20.375	0.59
75.375	20.625	0.59
75.375	20.875	0.59
75.625	20.125	0.59
75.625	20.375	0.59
75.625	20.625	0.59
75.625	20.875	0.59
75.875	20.125	0.59
75.875	20.375	0.59
75.875	20.625	0.59
75.875	20.875	0.59
76.125	20.125	0.59
76.125	20.375	0.59
76.125	20.625	0.59
76.125	20.875	0.59
76.375	20.375	0.59
75.125	22.375	0.60
75.125	22.625	0.60
75.125	22.875	0.60
75.375	22.125	0.60
75.375	22.375	0.60
75.375	22.625	0.60
75.375	22.875	0.60
75.625	22.125	0.60
75.625	22.375	0.60
75.625	22.625	0.60
75.625	22.875	0.60
75.875	22.125	0.60
75.875	22.375	0.60
75.875	22.625	0.60
75.875	22.875	0.60
76.125	22.375	0.60
76.125	22.625	0.60
77.125	22.375	0.61
77.125	22.625	0.61
77.375	22.125	0.61
77.375	22.375	0.61
77.375	22.625	0.61
77.375	22.875	0.61
77.625	22.125	0.61
77.625	22.375	0.61
77.625	22.625	0.61
77.625	22.875	0.61
77.875	21.875	0.61
77.875	22.125	0.61
77.875	22.375	0.61
77.875	22.625	0.61
77.875	22.875	0.61
78.125	22.125	0.61
78.125	22.375	0.61
78.125	22.625	0.61
77.125	21.375	0.63
77.375	21.125	0.63
77.375	21.375	0.63
77.375	21.625	0.63
77.375	21.875	0.63
77.625	21.125	0.63
77.625	21.375	0.63
77.625	21.625	0.63
77.625	21.875	0.63
77.875	20.875	0.63
77.875	21.125	0.63
77.875	21.375	0.63
77.875	21.625	0.63
78.125	20.875	0.63
78.125	21.125	0.63
78.125	21.375	0.63
78.125	21.625	0.63
78.375	21.375	0.63
76.375	20.625	0.68
76.375	20.875	0.68
76.375	21.125	0.68
76.375	21.375	0.68
76.625	20.625	0.68
76.625	20.875	0.68
76.625	21.125	0.68
76.625	21.375	0.68
76.875	20.625	0.68
76.875	20.875	0.68
76.875	21.125	0.68
76.875	21.375	0.68
77.125	20.625	0.68
77.125	20.875	0.68
77.125	21.125	0.68
77.375	20.875	0.68
76.125	21.875	0.74
76.125	22.125	0.74
76.375	21.625	0.74
76.375	21.875	0.74
76.375	22.125	0.74
76.375	22.375	0.74
76.625	21.625	0.74
76.625	21.875	0.74
76.625	22.125	0.74
76.625	22.375	0.74
76.875	21.625	0.74
76.875	21.875	0.74
76.875	22.125	0.74
76.875	22.375	0.74
77.125	21.625	0.74
77.125	21.875	0.74
77.125	22.125	0.74
75.125	21.375	0.75
75.125	21.625	0.75
75.375	21.125	0.75
75.375	21.375	0.75
75.375	21.625	0.75
75.375	21.875	0.75
75.625	21.125	0.75
75.625	21.375	0.75
75.625	21.625	0.75
75.625	21.875	0.75
75.875	21.125	0.75
75.875	21.375	0.75
75.875	21.625	0.75
75.875	21.875	0.75
76.125	21.125	0.75
76.125	21.375	0.75
76.125	21.625	0.75
