14.4929025264007
12.9746273532016
11.4360192337593
10.6002951292899
10.5005636104441
11.1699467291761
11.4485426869739
10.5163710007617
9.56388906404593
9.21334141922796
9.43960842353447
9.70055154034339
9.11693125049056
7.52149746598241
5.96914635296925
6.27730108046731
8.34640686923572
10.5001256533566
11.4745387889104
10.7803217936354
9.94801926798088
9.64142450881744
9.90772998689643
9.69002397969271
8.84371648581202
7.30437694474306
5.95860017419311
5.60182750664856
6.33632337186933
7.15016393360442
7.32792924597235
6.73722457834493
5.88079928960751
5.45600332740767
5.75622468863904
5.93449526071518
5.43176175482827
3.83145792593594
2.21392308991735
2.23468537388327
3.69242908991735
4.67360918178411
5.38364781849984
4.69011165265941
3.81928178613733
3.25572619541696
3.09177201342603
2.97161208526979
2.24526764461216
0.621416498050579
-0.561757428208134
-0.671345411941674
0.496206058391401
1.25875528011874
0.695674139135011
-0.279770660222076
-1.19842778729024
-1.73624091126778
-1.62301813524214
-1.09212498813842
-1.39934401393238
-2.88008032681387
-4.10970015090372
-4.02241505253656
-2.68927964197266
-1.69424498080302
-1.89970158800674
-2.77170398103540
-3.66021496043122
-4.10486572947072
-4.05288148950945
-4.26912900349860
-5.12717270105864
-6.69944056321976
-7.44703585809969
-6.20388734377746
-3.95675299885105
-2.25632556569846
-1.64694384718567
-2.47434104224376
-3.35403743548931
-3.85634446391688
-3.94116223029977
-4.16221885694555
-4.97694899141495
-6.66417967387041
-8.28549348207335
-9.10905504107413
-8.76149460380846
-7.62757298785183
-7.09878330109737
-7.68459361279373
-8.53049294021433
-8.95949469959466
-8.99043142286368
-9.16825684796027
-10.0412578469401
-11.7169387911826
-13.3906762125977
-13.8031112640718
-12.3460359217015
-9.96073955105864
-8.49883588854896
-9.07291410026081
-9.67493717166281
-9.98025666205789
-9.89787416122928
-9.85776399327399
-10.4820859412213
-12.0965094272012
-13.1993049368061
-12.8563962039788
-11.1220101670927
-8.94762937411829
-7.95762176809970
-8.85874049286345
-9.79347385345987
-9.95576263448234
-9.79190128529568
-9.90801198444361
-10.6493188801833
-12.2169458893236
-13.9173852684018
-14.7814826465342
-13.6760387571005
-11.2349829636845
-10.0978631035761
-10.8950897704777
-11.6740772150401
-12.1230276263569
-11.8491129172556
-11.4913491566357
-12.0003975430106
-13.5264180909270
-14.7130079579262
-14.2208197371160
-12.7625796143817
-11.3693038527627
-10.7926899394475
-10.9727434798115
-11.8261325516342
-12.0425514377821
-11.6250708521588
-11.3353153784018
-11.8426867930184
-13.3507898341028
-14.9371328779060
-15.6630326686419
-15.1681045120191
-14.7618812756907
-15.3182875413607
-16.1394812464498
-16.9683252529952
-17.0955091786729
-16.9295332636847
-16.5581462077821
-16.6711434450246
-17.9809489223057
-19.3933379760780
-19.6398490031973
-18.7284406329331
-18.6838090738317
-19.8462194209270
-21.0189215832988
-21.9957110921121
-22.5030833336380
-22.5030274950555
-22.6186339932585
-23.3488030457140
-25.0776317916473
-26.4213053628170
-26.2679937033979
-24.5212383956675
-22.8780251595017
-22.6666574663956
-23.4809851180377
-24.3881999835916
-24.7729393534057
-24.5379977951333
-24.5446532735606
-25.1580363662407
-26.7669907389982
-28.1026128715079
-28.0013312533824
-26.6155222672476
-25.8216565460238
-26.0818325557837
-27.1008894476814
-27.9211631594630
-28.3638954116318
-28.3889221252649
-28.4713381218565
-29.2137946619804
-30.7111481966125
-32.0878365078053
-32.3200310134909
-30.8422669089208
-29.2752126636070
-29.0400817647690
-30.0833070395172
-30.9281989616706
-31.2440036769688
-30.8020288704237
-30.3232983193700
-30.7181285084560
-32.0771822193003
-33.5838585887813
-33.6928904553421
-31.7055510011748
-29.8914912529177
-28.9152130552879
-29.3172905306868
-29.5151405425381
-29.1111392017170
-28.7288171970385
-28.4304287536148
-28.7616353976117
-29.9745339335140
-30.9445596097108
-30.8503303063646
-29.6461476993158
-28.5867466985412
-29.0744061184482
-30.0317312169985
-30.8155378742965
-31.0945620880067
-31.0329509296026
-31.2229555500284
-32.0545373315389
-33.5237127960625
-34.0387401784792
-33.7197191091532
-32.2813333107023
-30.7740791234057
-29.3716831633127
-29.0527229058224
-29.6787381961400
-29.5318876311594
-28.8073706689133
-28.6325421546605
