7.66406185282726
6.28166950271108
6.48092556676994
10.5628140930287
15.7447926243997
21.0183450240124
16.7874021053447
11.5269254385748
8.00436459876065
5.61625423501162
5.48924858559257
4.51712352594888
1.69401258986831
-0.204661109217658
0.378102148721923
13.5068609713401
23.0233295518978
27.2452766460109
21.4107095468629
15.0133474732765
11.0152778533695
8.59109380170411
6.55559232796282
1.82758429496514
-0.142676882494189
0.0135394058094518
1.98527816576297
8.31664179225408
16.0411395298218
16.8106397126259
15.4340874938807
9.73035816266461
5.79057525639040
3.37275648125484
3.25846963570876
2.21419331835786
-0.426884027885360
-2.46881618357862
-4.08140461200619
8.62111377924090
15.0489025833463
15.8545478443067
13.7612590640589
8.06606219597212
3.97095432323780
1.00310245948877
-2.24332261657630
-4.55553674663052
-7.04313874903175
-8.36572077304415
-5.21569810302091
2.37570275910147
10.5430668912626
11.7298057056468
6.25026423168087
1.06897817792409
-1.69018736948102
-4.68595853586367
-5.07450856250969
-3.98964027916344
-7.61824665685515
-10.1933866352440
-8.86685107614254
0.507111364058867
8.04233902943455
9.05240580247870
5.05245143663827
-0.812966437412859
-4.12516136785438
-6.23602600464756
-8.00001676297444
-12.0688713462432
-14.1679654584508
-15.3401166986832
-8.92531868342371
3.89913953493416
11.2853882819520
9.71743058698683
5.76842300147173
-0.152284670797831
-3.80510103443067
-6.17462517606507
-8.90165475251743
-12.8418650418280
-15.1738808048025
-16.7203939252518
-16.5012295561580
-11.7525456498838
-4.07327920604183
1.08906156390395
-1.20716201905500
-6.09255793137103
-9.36083306119286
-12.2084019357088
-14.3048266415879
-17.2976119944229
-18.9718200952750
-19.5571548876840
-18.9298871611154
-10.9200281967467
1.31722102540666
8.62757245855926
2.24109337025561
-3.89236698264911
-7.32995339271882
-9.91260671572424
-12.4954972252517
-15.4771021371030
-18.7973328862897
-20.9025093176607
-18.1579689604957
-6.44467376698684
3.38388624322231
6.75605032765298
-0.0159310038729681
-6.42396124298994
-10.2270726793183
-11.6439103965918
-14.1300633780015
-17.8486375825717
-20.0881368296669
-21.2983173650658
-22.3094910611928
-15.8095944763749
-3.23959382184353
4.26168657010070
-3.11890144539117
-8.95909873508908
-12.4555198148722
-14.8010109620449
-14.4205464779241
-16.7307901340047
-19.7216392691712
-21.3062396615027
-17.4506807250194
-6.27003488450814
3.14332403872967
0.963943533694809
-0.828835248179705
-5.98800139393494
-10.7700093419055
-12.9048743935709
-13.8611960378776
-15.2275063880713
-19.2435576896204
-20.7173497151820
-20.7478880774593
-14.3997911592409
-5.48315261107669
-4.63617313477924
-9.21299213168088
-14.6411795818745
-17.7865622052672
-19.6682241188226
-21.1670322421379
-19.6684932943454
-20.5883669129822
-23.5264926859799
-24.1235687660728
-15.2609882844307
-7.84293765065840
-11.0985013477924
-15.8781768605732
-20.7322377772270
-23.7758636351665
-26.3623802013942
-28.8670327180480
-30.7153828262951
-31.8710694949651
-33.0711257172734
-31.5357482974438
-20.0654937609605
-9.34144477250194
-9.32356580790082
-13.9373865089853
-20.6212123036406
-24.8349852339272
-27.0860237552285
-28.6982745728892
-30.9908606752905
-32.8332937955073
-33.9516434406661
-32.2386185040279
-21.2790086715724
-13.8963521076685
-14.4416540790085
-18.9169507961271
-24.7108235019365
-28.1122817427731
-31.2101763137103
-33.8268873334624
-36.8240945251743
-38.7548514469403
-39.3187140457010
-39.5990591454686
-31.0208249434547
-20.7233722132455
-19.3870826281952
-25.1049141512006
-29.8852872356313
-32.4744753770720
-33.9908745697134
-32.5440659343919
-33.2229583888458
-36.4140961586367
-38.4666818967467
-40.0353250945004
-29.4754714020139
-17.0943660426026
-14.8933208474051
-18.4258479535244
-24.3944306266460
-26.3132161735089
-26.9672660023238
-29.5857472928737
-31.0337241216111
-34.5593099767622
-34.8879042490318
-32.2523085116189
-24.7289321232300
-17.1083688070488
-15.4528880929512
-21.5974136821069
-26.9645157572425
-30.2939449026337
-32.5460204692486
-35.9605155065841
-39.7290309452363
-42.3156069085979
-40.5470834841209
-32.9987771440743
-27.6847500199845
-17.8210894732765
-16.6499978404338
-17.0233390619675
-22.7511428350116
-27.3485613903950
-27.3128075213013
-28.1224163106894
-33.1814799250194
