SSP126	SSP370	SSP585
51.5203135126894	51.5203135126894	51.5203135126894
54.5005483005951	54.5005483005951	54.5005483005951
58.3228459543502	58.3228459543502	58.3228459543502
44.8741179566084	44.8741179566084	44.8741179566084
43.6526081476484	43.6526081476484	43.6526081476484
49.3988110315653	49.3988110315653	49.3988110315653
34.4339787074390	34.4339787074390	34.4339787074390
33.4059081846745	33.4059081846745	33.4059081846745
30.5703495446683	30.5703495446683	30.5703495446683
9.57115038986164	9.57115038986164	9.57115038986164
22.2526094135773	22.2526094135773	22.2526094135773
18.8681530505862	18.8681530505862	18.8681530505862
40.4425208700033	40.4425208700033	40.4425208700033
56.1781499059195	56.1781499059195	56.1781499059195
62.7773583949771	62.7773583949771	62.7773583949771
72.2031692271908	72.2031692271908	72.2031692271908
49.9935060213461	49.9935060213461	49.9935060213461
39.1817190512248	39.1817190512248	39.1817190512248
30.8959381669992	30.8959381669992	30.8959381669992
45.6646783712445	45.6646783712445	45.6646783712445
56.4835661254192	52.3442647918616	46.1645116998444
70.1771169110645	60.4408500468228	38.3533750866487
78.2606077256103	87.0918316691962	48.1000840849603
82.5889371284198	109.201850951957	62.8084307285884
97.0592280806581	122.766006522764	85.4266383356190
102.168769264377	119.525563067410	103.552940489229
115.321324410091	132.201093626258	103.165842562470
110.178793932782	156.177970102033	98.1583128914831
112.374038618067	153.042973399970	92.8999771357458
121.649853154929	134.697462987092	104.958144242369
127.327891434174	138.748976069603	121.863650031415
138.581216077613	155.988949175814	126.295915015819
148.271405985818	191.422584883244	124.214581549403
147.308953484034	190.774152114350	107.093096307448
138.150831122367	178.908880962058	127.699119064173
136.838052678536	170.961811128702	127.148110993386
142.295036319614	174.543313498773	119.377906419891
156.753206218643	186.530706939970	132.949603679311
178.156535614350	192.993279821140	125.560423951919
180.703457611330	193.841311503354	128.105073852231
177.306097636908	196.769281335797	125.355674830198
181.308281171465	207.966219538309	121.442104506900
169.108179891495	208.658002477199	116.145923681997
145.989414724290	204.025534341670	110.755007295385
165.519214363758	198.965061199554	118.674097886613
202.152772048204	208.800786792772	147.151987221186
221.258038195354	213.156624779367	170.269358080263
217.453510978059	212.468175738334	180.481483974513
244.956479597919	211.315369223319	205.054730793525
285.513744248774	226.208741057087	214.953470807034
289.331766271347	248.287545453584	222.873955902105
272.578733274872	242.416691078531	226.821494788513
275.321374869626	236.648300145777	238.150677407903
281.522981237098	234.125023736898	234.340045484388
295.901092751112	229.006444065355	235.899677657011
300.281062559732	213.231835398356	242.576936574037
298.469723677959	218.483516044718	254.913188681978
296.574456855144	219.559408694146	266.437860253762
317.851812487451	217.093475785034	260.515796419850
337.483122860299	229.403994707902	265.604886336849
344.325705848182	228.498624883305	284.558672069264
337.929508774729	239.033919086957	301.580141998048
318.454515476593	263.247420905598	322.133942929855
328.457217077381	257.098497087867	340.719773906742
312.413034223156	245.739147185437	346.091798879547
323.753268911522	241.008792926497	346.212793828063
334.468179301298	222.787425449380	340.634216877824
330.037474190975	226.700228639013	341.420643463324
327.382940248851	235.172439922541	346.070614230092
344.313723807279	259.445731576450	356.219965629243
366.155550145343	272.166942666836	368.567598693486
376.105923069095	269.843879072195	365.158972667664
387.176204764279	268.518520579094	374.539820697722
416.105648755121	262.781514396174	374.302709593316
455.757524394731	256.232446462986	368.010235418580
475.290440866449	261.736980389157	378.043128848590
476.405519562666	270.157428267950	396.187068299484
494.833644472785	273.850857656802	423.614736349813
519.201544203064	280.077379142688	456.272189863443
523.552824127264	291.169635583231	473.679742184094
512.730039781543	294.663255411754	467.534025142627
514.762556787269	291.937390042920	450.639704507363
517.348468636826	297.846373181965	452.211550858320
525.493654260100	298.128107561514	456.083024546727
526.527568654289	306.643467836035	468.636432280331
539.899668983555	316.457454690738	476.473433749651
560.343956843753	335.016954682169	483.203070712357
564.553826813999	340.729934329020	512.638456538534
583.114325011501	348.737018115979	516.462850013804
591.651930930966	330.397149233518	526.958252302101
599.669672718651	316.466604723330	560.959681537535
632.378760150406	298.623769817822	554.980411614627
630.316122230221	294.508878733798	568.924582397209
607.441304742581	306.024386244834	562.011402330742
634.709335371280	315.991986250547	564.944204914010
663.284248900732	314.700543842209	553.016486773083
683.605837665869	314.144870456466	547.276513613301
703.934085295809	331.291672911081	553.740485284421
709.577770453303	355.963701298609	572.931165009273
724.425161726379	358.242667945289	588.873412788555
744.295800889628	354.529551146370	569.812065043384
743.333453199594	368.676894917930	569.045937151164
766.662822843648	383.709998528998	561.787154113807
784.254428913263	400.258212441231	558.950948241247
784.869308858791	397.807539949099	567.463487200938
795.977928766084	399.153159195039	575.953723825025
