SSP126	SSP370	SSP585
198.521210237534	198.521210237534	198.521210237534
171.332087303578	171.332087303578	171.332087303578
143.646262715374	143.646262715374	143.646262715374
129.319503040028	129.319503040028	129.319503040028
110.473330443991	110.473330443991	110.473330443991
82.0951750838314	82.0951750838314	82.0951750838314
52.8745162440552	52.8745162440552	52.8745162440552
47.9942186084446	47.9942186084446	47.9942186084446
49.4889004984820	49.4889004984820	49.4889004984820
6.27796046189276	6.27796046189276	6.27796046189276
-27.6377374256190	-27.6377374256190	-27.6377374256190
-42.8673406072722	-42.8673406072722	-42.8673406072722
-64.9984457221080	-64.9984457221080	-64.9984457221080
-74.1193463163414	-74.1193463163414	-74.1193463163414
-97.1114922469481	-97.1114922469481	-97.1114922469481
-127.423622973165	-127.423622973165	-127.423622973165
-122.172804772943	-122.172804772943	-122.172804772943
-135.375317209678	-135.375317209678	-135.375317209678
-153.752579653481	-153.752579653481	-153.752579653481
-146.564477709654	-146.564477709654	-146.564477709654
-136.056335067867	-135.963667733160	-127.403807871780
-147.322902998951	-144.239813280943	-131.995320304943
-165.909303653127	-168.390628952253	-136.061655078187
-179.034240793055	-193.110156464731	-144.865629859403
-170.145855648765	-207.472640538800	-142.399101738258
-193.196422007168	-226.966827612816	-154.528277144240
-221.181560205219	-251.597353989194	-169.000965608057
-225.520212379522	-271.506863396419	-174.208474082706
-228.248596920230	-265.002463172996	-172.675028042177
-239.770354010153	-255.318386604020	-182.479289880394
-256.914566485973	-262.280939146162	-200.054759124007
-278.063075163102	-270.604616449609	-208.409723484111
-273.700434381388	-267.600679582883	-239.149019775195
-290.731157363844	-263.357102669101	-263.948619438604
-312.100681323745	-265.743051276155	-290.443465190659
-328.917899353348	-272.156287069461	-308.690398208902
-349.277181923214	-287.089845753240	-305.286587962131
-358.201052110275	-306.017148539044	-309.617016775077
-371.597043340153	-312.673600852921	-296.949456618672
-395.133807577528	-323.252563805841	-289.216428300766
-407.504042814439	-339.336756687017	-285.094581289229
-425.239250317036	-343.245720079221	-296.064282341325
-452.690187497747	-353.822489495299	-315.854201392277
-473.118098904629	-359.249648085234	-335.883709422781
-488.412097461643	-368.039136588938	-348.906117110922
-514.756190048620	-382.066652210581	-385.301488775063
-539.187975972534	-394.097150562420	-413.617027446495
-570.907073948361	-409.945267889423	-429.845417520167
-589.332695336334	-422.364864837305	-439.184140382755
-610.256833221656	-436.544265488930	-471.347963398952
-626.201241826569	-461.678846810769	-503.114250742205
-637.330470911181	-478.193814969080	-521.765777136360
-648.189397744021	-503.976990157354	-528.838261812449
-654.371908545749	-531.645338482149	-550.763467663823
-675.079057736288	-541.257281480216	-561.085989172637
-692.609833168936	-545.917917593857	-578.296223786337
-714.931470262855	-561.763828315260	-592.464425143070
-722.754564766420	-594.795632089590	-605.979657642013
-737.093500086371	-622.652790691550	-620.636627304095
-760.595970471587	-634.126581570746	-659.231133896870
-776.271760815441	-644.345913936937	-693.013375712906
-785.205337226869	-651.251635641273	-711.369118148125
-800.528049712559	-666.501802245296	-736.235301079242
-826.866587088710	-693.090892360683	-750.741609286913
-845.125072120076	-698.025413348088	-758.604360656626
-872.280924604475	-720.154388345832	-750.240425339021
-866.572747165352	-719.951835668432	-746.434542390240
-882.524660813674	-730.219370358527	-758.362065944351
-905.914424272309	-730.542521872758	-769.030563071259
-910.725580418409	-743.995385929344	-796.145520453276
-939.835288972260	-757.626327562311	-800.760149171896
-958.320217039247	-770.161237409822	-824.409257044618
-976.698629246874	-775.387205359833	-857.213884488104
-986.766646596524	-784.751230233239	-866.324012519251
-1005.08492042577	-804.664127635511	-880.980422949435
-1024.09311848061	-815.091001502083	-902.692650769955
-1030.00018627457	-816.720440463435	-916.812999730391
-1036.88400387200	-829.235044252856	-945.253478368023
-1043.47766872898	-850.731962195093	-999.887625183046
-1063.71866280012	-863.538464253905	-1063.79950595408
-1085.20401665499	-871.696520918966	-1083.20007260627
-1101.36631854791	-875.290489818939	-1089.83495197288
-1119.90833161805	-884.241521899272	-1121.08195974558
-1140.77528303230	-911.449048766620	-1147.24266063121
-1142.94667299370	-940.336497178565	-1169.24950313748
-1150.59873752567	-970.347288093754	-1201.92655218935
-1179.82285239040	-996.725139340105	-1228.02307577441
-1202.37555504916	-1020.39462091826	-1260.91802862100
-1233.75335456439	-1018.26185035908	-1267.63285011015
-1260.26826256533	-1012.94867995288	-1271.27950527855
-1280.60584180155	-1032.11601015885	-1285.98113420076
-1312.40414146058	-1045.66473511874	-1303.18048248167
-1337.21951972714	-1053.68693758475	-1319.91887110001
-1351.63667641957	-1073.26730543521	-1323.44285519371
-1379.57048865687	-1105.01096435173	-1349.35779440394
-1415.95500102536	-1116.45114079011	-1380.21299807831
-1444.67055492567	-1119.99011430505	-1379.42656821887
-1467.58472203657	-1130.05031067543	-1387.77890843422
-1499.68271040380	-1141.95095486470	-1412.51505757924
-1521.41817372701	-1147.67528575246	-1445.09001059172
-1522.20502896838	-1152.25420845358	-1461.71024613619
-1515.49428530628	-1169.15263424476	-1482.48620396260
-1518.57572009248	-1188.31748379955	-1480.84580217309
-1534.66257182090	-1203.05029765811	-1483.97622001934
-1562.20653109080	-1211.46805079975	-1510.65105163789
-1594.98006978372	-1224.16290374791	-1545.47479630574
