SSP126	SSP370	SSP585
54.5039474669097	54.5039474669097	54.5039474669097
57.6028380245004	57.6028380245004	57.6028380245004
61.2262927701346	61.2262927701346	61.2262927701346
36.0813426575256	36.0813426575256	36.0813426575256
73.3029686388630	73.3029686388630	73.3029686388630
33.4285029724023	33.4285029724023	33.4285029724023
41.0597034313193	41.0597034313193	41.0597034313193
45.2124692664307	45.2124692664307	45.2124692664307
27.9168006826581	27.9168006826581	27.9168006826581
9.24698252867074	9.24698252867074	9.24698252867074
29.0230381270534	29.0230381270534	29.0230381270534
18.2614774573792	18.2614774573792	18.2614774573792
60.0985018363532	60.0985018363532	60.0985018363532
57.6029556330453	57.6029556330453	57.6029556330453
74.5928064455626	74.5928064455626	74.5928064455626
75.9313665615306	75.9313665615306	75.9313665615306
37.8182848882469	37.8182848882469	37.8182848882469
53.3639641680901	53.3639641680901	53.3639641680901
32.4335781985944	32.4335781985944	32.4335781985944
54.9759717093660	54.9759717093660	54.9759717093660
65.9384019010548	55.2793756449088	38.3186687485701
84.9522146004527	69.8951018061427	40.0014046422816
75.6918590057643	107.569004220132	63.8817668503015
89.8951257066381	120.806704333348	71.7437745689416
97.8937202396510	125.340524643080	104.887014666336
112.241785230941	114.692643018661	113.446608215411
120.846440235807	156.590606235927	106.865304313295
110.772369764201	169.162310255109	89.6811855366045
117.433265444034	142.042241738880	96.1024466965995
131.743943759611	143.584956081154	122.420714690867
129.224224896080	132.470003861116	131.499383856079
151.134878795844	188.232124964417	133.322503314364
148.986601438237	210.747451875699	115.478031544652
152.562871622715	191.715507735578	99.8298941441856
126.794519006440	165.592008527123	146.579587408985
136.793525246278	174.623650248873	119.171143022363
148.424309415715	184.342507480146	125.987049860027
163.316866496884	194.076714023009	133.902539317406
191.316336633027	193.150385967251	130.999685315988
181.121085269130	198.484357569375	130.401101072800
176.232937641434	201.878997428104	133.971240270627
188.680518652019	222.577862342634	118.741370155668
154.887995101785	207.887719185705	111.371213477628
135.767979374348	204.417568167986	105.982364220019
186.281510425965	194.579825905001	131.889854984226
219.177209441621	226.748269259497	167.204008810977
232.453165702855	212.603395012204	177.054684207998
214.012365488509	209.515914000526	191.546117346214
258.118620204424	218.977895253216	220.169824193286
313.759920935379	242.021443995981	225.603671665840
276.270976163546	260.090013211049	226.805114894949
275.575638846265	237.303987641399	231.086008183148
280.161844508974	236.292924527898	247.876169085512
291.846004732324	234.925776957485	229.647634095117
302.964244539643	222.655343748480	244.642668011776
302.354336921626	204.871793686331	243.200258790080
287.659586236180	227.733639656285	270.213116067296
308.704046673129	213.954086566365	272.916417766773
328.809071954088	225.137301962856	259.087903333134
347.888394059779	235.299470489522	276.604415678228
348.590817147646	225.074727817315	300.276021108609
320.600894458958	257.277786422289	317.771001834422
319.145490320597	266.522955817700	339.651783298424
325.202094255890	249.082087958627	348.897250955541
305.004356825597	244.425119270232	349.063503092749
336.957231339268	236.178403774755	349.531909172237
335.122819741652	213.859081408316	340.512452353666
326.199635829321	227.639094250035	349.904897044546
337.332848923656	253.161782210946	345.643540630413
353.845373855413	278.211041419761	373.692579760907
373.901760358283	272.340059358528	367.520238821590
382.975157138284	276.983178693523	360.812786355262
402.618227377219	262.843666740533	392.685997344358
442.123415902569	270.037494197675	358.022167884328
483.887033043084	257.776271617587	382.280448413532
476.317440600917	265.057320907543	386.324870784785
488.362420983253	275.647464739455	413.101988913666
516.894089131556	276.168505066257	438.726204894508
536.115996984998	295.824267195400	474.694338998011
520.784020182173	291.395055636449	477.991943342663
505.755526028004	299.377884574249	457.908048029811
522.955264527756	294.492051097704	451.549313432351
520.625919357039	307.749847481900	451.067889859754
537.562459926356	293.140481933645	458.641996539859
529.618691950073	317.786458012580	482.471792005688
553.125660976707	324.308977843431	479.639971734747
569.171761747064	348.060271501879	489.645658437939
561.223445293163	349.378301914385	537.941426526999
604.408804628223	353.216840735211	514.639702551770
590.553799936845	326.104219270708	551.288577332902
612.468094704502	304.256093613209	577.330501890430
657.617707116715	293.581369619799	551.773349836057
610.724265374225	299.605864699551	583.890819845907
605.211175024340	312.876643192651	551.267492068798
650.239324449656	322.982410808265	573.749520739547
674.690234316835	312.114995337129	541.822407415998
705.509758439902	323.684965196839	551.409834449912
707.917979519471	352.604359968799	553.449791012088
718.046079412336	371.820846067496	591.870598631272
736.516099133257	362.410480085661	593.498589543337
759.572570927044	356.779402163200	558.491273367220
750.232412681669	383.507361081333	572.036525108895
783.062743112588	395.811958582249	557.842361486119
793.680202343010	418.258182664483	560.016722897586
793.575828098729	399.400714296617	572.717653216394
805.495303971958	403.506648831858	585.326216570561
