SSP126	SSP370	SSP585
196.202934274511	196.202934274511	196.202934274511
164.620467735097	164.620467735097	164.620467735097
136.949698827982	136.949698827982	136.949698827982
132.399508039992	132.399508039992	132.399508039992
109.061286014642	109.061286014642	109.061286014642
77.8706505695175	77.8706505695175	77.8706505695175
48.6028522496602	48.6028522496602	48.6028522496602
63.5960645679035	63.5960645679035	63.5960645679035
47.9716516846572	47.9716516846572	47.9716516846572
-9.31062480762876	-9.31062480762876	-9.31062480762876
-30.4600842876223	-30.4600842876223	-30.4600842876223
-44.6677413859874	-44.6677413859874	-44.6677413859874
-66.9241659154075	-66.9241659154075	-66.9241659154075
-63.9045844856118	-63.9045844856118	-63.9045844856118
-111.631620917909	-111.631620917909	-111.631620917909
-125.751535308955	-125.751535308955	-125.751535308955
-112.109323710969	-112.109323710969	-112.109323710969
-139.660068113055	-139.660068113055	-139.660068113055
-144.704074276936	-144.704074276936	-144.704074276936
-128.151290753881	-128.151290753881	-128.151290753881
-135.613802738337	-139.907288165998	-116.804143955604
-142.044227956316	-139.735403633235	-121.317290242290
-171.797238358263	-170.210212974289	-130.422533193209
-162.575659161291	-195.153929500388	-139.284866715606
-159.479656083482	-202.259080192962	-126.293376572385
-201.173651505937	-233.231808085930	-152.728557928110
-218.941892406342	-256.916991734442	-166.354036304395
-214.875341609690	-264.937411027462	-156.837298378738
-220.255093363223	-251.217009117354	-164.067335698994
-234.458098726020	-242.812691530251	-177.216377795941
-261.497273053129	-260.888160218250	-191.889883796389
-275.617124984016	-256.762508116602	-201.983930494769
-257.770963339434	-253.931354740180	-251.751277794218
-298.484759300340	-246.074006320914	-265.432244432115
-303.232124339409	-259.285956482288	-298.742121238319
-333.015686556504	-260.820725180051	-297.969801958191
-342.622952998033	-286.123582052667	-292.811279076037
-353.421063947532	-302.572704115020	-292.402143379419
-375.435386846613	-301.509405818746	-278.664189824251
-389.026550685128	-322.902201441369	-269.106917347193
-408.322177485379	-332.982979695711	-269.867640059122
-428.467081862771	-337.312003162663	-290.443602794635
-459.463349621591	-349.315396329626	-311.587088515733
-463.189950123476	-346.081274001580	-333.779145299565
-495.198613049445	-356.551758787400	-349.533270218786
-509.942576065208	-386.023125487421	-388.986929941840
-552.059565570852	-385.041481525047	-423.220244040211
-570.498414696601	-411.584527367238	-416.580976288768
-589.538823713922	-412.540697322950	-444.099989554220
-607.414639246553	-436.347815198668	-478.286285861422
-627.187440066159	-466.844839354980	-510.891048780032
-626.336913142178	-476.283495881488	-515.399464968845
-645.739374668902	-512.975460941816	-521.753708525541
-643.489502348693	-535.882552426201	-554.501565649734
-679.509774518496	-534.237712578354	-555.065546226232
-686.624037038548	-537.657261650794	-572.325143254208
-717.450772154995	-568.064138488874	-586.328009379714
-715.797183570541	-600.348976833196	-605.068904772089
-733.809488438370	-627.787467830689	-623.415003923729
-761.309256932891	-625.339107186932	-670.273963519458
-765.204723436999	-637.856251364219	-696.636168821793
-775.831638928766	-642.239794363927	-715.557498110156
-801.988895784383	-667.526759005451	-735.426763864409
-821.631381689477	-693.400031419482	-743.540841715155
-847.069534480340	-694.326593924290	-754.062829077364
-873.990231642469	-722.669750522856	-732.978738764916
-857.526336596240	-719.624035928426	-748.610423626502
-879.974930503245	-716.508496294541	-749.489855402950
-903.112529770752	-719.410843420011	-765.638408000554
-913.115377537102	-739.045534429547	-799.204211202967
-943.870020018577	-751.339863449897	-787.856405597218
-958.430976599070	-763.719116491672	-836.509104792247
-972.070687342310	-766.907442240004	-861.720470194178
-980.079355341669	-779.855860196168	-853.045466327470
-1005.04152832959	-798.179755128045	-885.203220063775
-1018.15727968876	-801.966257023128	-895.286583219686
-1020.85679045660	-803.805270818840	-912.771484517200
-1031.16347321350	-822.700319895168	-945.935689398541
-1038.00517434678	-851.553695960819	-1027.51139324195
-1061.77840283293	-850.998404334539	-1086.08664295044
-1085.91222206526	-857.025460465085	-1070.01055161107
-1098.92565954084	-868.694979364251	-1091.37529757605
-1117.05434783407	-873.124624695972	-1128.13176222309
-1135.44594691607	-922.169563419419	-1154.39815664673
-1121.53010665839	-938.833613885434	-1169.65819653016
-1152.55972352316	-981.526885063700	-1209.40787083517
-1186.75344224047	-999.137967711604	-1232.65151613448
-1200.88984533798	-1018.38879425750	-1256.74002284700
-1241.72099731912	-999.402615103203	-1259.47208964512
-1262.21100564802	-1007.91154964343	-1258.84882306451
-1285.79548844673	-1026.73287556510	-1282.56212853660
-1321.06768116294	-1042.59011749612	-1292.33830605619
-1333.71148089609	-1045.20610501689	-1310.80582345121
-1358.86991434079	-1073.58033664228	-1307.70729122289
-1385.46963484935	-1109.92827237273	-1357.05470334020
-1426.22577768128	-1105.51485615483	-1374.79661661588
-1443.71858813737	-1109.69880430411	-1367.70976335692
-1472.54982608532	-1115.50244397382	-1373.23117760109
-1504.70394373989	-1134.47417565088	-1421.70245734574
-1527.08652100102	-1133.10661808648	-1443.33709158721
-1502.33479831334	-1139.80617387996	-1458.37620586666
-1497.58602265047	-1163.11136631004	-1476.09742640925
-1507.10041469082	-1181.33564222182	-1461.10787786090
-1529.74036352435	-1201.24377396016	-1469.54427093512
-1568.99735632220	-1202.63552045174	-1508.09484356819
-1592.50170275027	-1223.32795311184	-1554.16703984673
